8407 8404 1
4766 4767 1
4765 4767 1
12275 12276 1
7828 7829 1
7828 7827 1
3037 3038 1
3034 3038 1
3033 3036 1
1778 1784 1
1786 1785 1
1785 1783 1
6996 6997 1
10296 10293 1
10293 10295 1
1109 1108 1
12129 12128 1
7517 7518 1
481 480 1
480 483 1
1437 1435 1
1435 1436 1
2785 2784 1
12132 12140 1
12134 12135 1
1168 1172 1
1170 1171 1
1172 1171 1
1173 1171 1
3781 3783 1
10659 10657 1
10656 10657 1
10656 10658 1
7688 7687 1
7124 7123 1
7123 7122 1
10183 10184 1
7948 7947 1
9188 9189 1
4599 4598 1
257 258 1
257 256 1
9909 9908 1
3895 3896 1
11026 11025 1
3980 3979 1
1309 1311 1
8364 8363 1
7757 7758 1
7757 7756 1
11163 11162 1
7311 7317 1
7318 7317 1
7317 7313 1
7319 7314 1
10079 10080 1
6441 6442 1
6441 6440 1
13135 13137 1
13135 13136 1
13137 13136 1
252 251 1
7440 7441 1
7440 7442 1
7441 7442 1
4971 4972 1
6131 6130 1
8645 8644 1
8645 8641 1
8644 8641 1
6813 6814 1
6815 6814 1
6815 6816 1
10523 10522 1
10523 10521 1
10524 10521 1
8703 8704 1
7109 7110 1
7110 7108 1
1022 1023 1
5675 5678 1
5679 5683 1
3408 3410 1
3408 3409 1
3408 3406 1
1381 1386 1
1372 1379 1
6456 6455 1
6454 6458 1
11174 11173 1
9115 9114 1
3891 3892 1
8835 8834 1
63 74 1
74 26 1
21 40 1
70 56 1
64 24 1
584 583 1
10846 10845 1
9297 9303 1
9299 9300 1
9299 9305 1
9302 9296 1
9302 9303 1
9304 9301 1
9296 9301 1
12902 12903 1
12902 12901 1
12903 12901 1
8225 8226 1
6251 6252 1
10174 10175 1
725 726 1
8450 8449 1
877 866 1
870 872 1
874 869 1
874 872 1
873 871 1
867 868 1
12297 12303 1
12295 12301 1
12302 12288 1
12296 12304 1
12309 12311 1
7924 7923 1
446 449 1
452 451 1
448 445 1
451 449 1
13127 13128 1
4472 4469 1
4470 4475 1
435 433 1
433 436 1
434 436 1
9170 9160 1
9162 9174 1
9165 9159 1
1737 1736 1
1305 1304 1
12339 12340 1
12341 12344 1
12347 12346 1
12347 12343 1
12342 12340 1
1322 1323 1
9420 9419 1
8827 8828 1
1919 1918 1
1914 1921 1
1921 1920 1
12669 12670 1
4950 4952 1
4952 4951 1
9255 9257 1
11229 11226 1
11229 11227 1
11226 11228 1
11226 11227 1
7697 7698 1
11657 11656 1
10396 10397 1
7248 7246 1
3539 3538 1
3538 3537 1
3744 3730 1
3734 3729 1
3735 3727 1
3729 3741 1
3739 3730 1
1046 1045 1
10495 10496 1
12782 12783 1
7639 7630 1
7641 7645 1
7635 7638 1
7653 7652 1
8281 8283 1
3648 3647 1
6451 6450 1
6449 6450 1
6449 6452 1
601 602 1
8892 8893 1
8428 8429 1
6775 6774 1
1906 1907 1
12699 12698 1
12696 12697 1
7738 7736 1
12658 12657 1
2352 2354 1
2353 2354 1
1661 1662 1
3687 3681 1
3705 3694 1
3707 3680 1
2696 2697 1
1807 1806 1
12972 12971 1
12267 12266 1
7677 7675 1
7677 7676 1
12430 12431 1
12012 12010 1
12010 12011 1
12010 12013 1
12011 12013 1
3303 3305 1
3306 3312 1
3308 3301 1
3313 3304 1
6632 6634 1
6633 6634 1
7486 7487 1
12952 12954 1
12965 12963 1
12959 12953 1
12957 12961 1
12956 12958 1
12956 12951 1
298 297 1
5854 5855 1
9101 9094 1
9089 9103 1
2732 2733 1
9484 9483 1
7471 7475 1
7471 7474 1
7472 7475 1
7476 7475 1
939 937 1
10109 10110 1
206 205 1
6120 6116 1
9142 9140 1
9138 9141 1
1581 1584 1
1581 1582 1
1584 1583 1
1584 1582 1
12571 12572 1
9947 9949 1
9947 9948 1
9949 9948 1
7853 7852 1
12879 12880 1
9677 9678 1
6641 6642 1
6641 6643 1
7103 7101 1
7102 7101 1
4659 4661 1
4659 4660 1
5782 5784 1
5783 5784 1
12743 12751 1
12762 12742 1
12758 12741 1
12749 12768 1
3667 3665 1
166 168 1
166 170 1
168 165 1
173 165 1
167 174 1
10351 10352 1
3545 3547 1
3547 3550 1
3547 3558 1
3559 3544 1
3549 3554 1
3558 3548 1
7445 7444 1
13168 13169 1
7769 7770 1
5827 5829 1
5827 5825 1
5827 5833 1
5829 5828 1
5825 5832 1
4252 4253 1
1965 1967 1
11708 11704 1
11708 11703 1
11705 11706 1
11705 11703 1
7729 7730 1
3919 3921 1
3920 3918 1
2886 2888 1
2887 2888 1
2889 2888 1
4979 4978 1
4977 4976 1
12438 12437 1
11587 11589 1
11589 11588 1
9505 10244 -1
9505 8037 -1
9505 12658 -1
896 824 -1
8407 3933 -1
8406 6132 -1
4340 194 -1
9058 2004 -1
4765 547 -1
314 2785 -1
3722 8428 -1
2610 9854 -1
7713 1808 -1
7713 12010 -1
2681 10287 -1
2681 6229 -1
2681 12011 -1
1153 6957 -1
12276 481 -1
2430 6554 -1
7826 1736 -1
10885 8827 -1
10885 485 -1
228 1982 -1
9231 7318 -1
9231 11732 -1
9231 12572 -1
13150 1201 -1
2664 8004 -1
11486 9482 -1
598 7449 -1
597 8883 -1
1786 12880 -1
1782 8213 -1
9486 8286 -1
1677 5818 -1
8833 961 -1
1109 9045 -1
11090 10240 -1
11090 11658 -1
11090 12783 -1
12211 10862 -1
12211 10853 -1
7518 7758 -1
5904 4238 -1
6557 8628 -1
6557 9294 -1
1102 2616 -1
481 12543 -1
483 10581 -1
1433 11069 -1
1435 4253 -1
2785 3933 -1
558 1200 -1
558 9985 -1
8881 8755 -1
12135 5605 -1
3962 10740 -1
3962 1278 -1
10286 7246 -1
10287 1022 -1
10862 10889 -1
10862 4252 -1
8220 13031 -1
8220 8787 -1
10063 12548 -1
1168 194 -1
8291 10521 -1
8291 1305 -1
3779 12670 -1
10740 2655 -1
10740 10811 -1
10076 12555 -1
7687 8449 -1
7687 8190 -1
7687 2697 -1
3724 7111 -1
3724 2551 -1
2338 3471 -1
2338 3981 -1
4508 8836 -1
4507 10494 -1
4507 2445 -1
4507 12555 -1
9900 252 -1
3916 10021 -1
9868 6228 -1
9868 6632 -1
3087 11313 -1
3087 12438 -1
7947 9510 -1
6957 8762 -1
6957 12166 -1
1200 12112 -1
1200 7965 -1
1858 12945 -1
1858 10028 -1
1858 9968 -1
1858 12970 -1
12123 11259 -1
7936 4656 -1
10438 9686 -1
12582 8190 -1
12582 7922 -1
11259 4654 -1
256 4494 -1
1672 9849 -1
1672 5812 -1
1672 2645 -1
12771 8787 -1
9908 10581 -1
11026 2443 -1
7200 1982 -1
1114 3398 -1
9849 7750 -1
9849 2888 -1
8762 2544 -1
10240 2443 -1
10240 6573 -1
734 8882 -1
12786 11922 -1
4550 6579 -1
10755 128 -1
7155 3273 -1
1310 7440 -1
1310 5760 -1
12112 10496 -1
1191 3273 -1
1191 10811 -1
4494 10174 -1
2736 5569 -1
2736 12572 -1
7757 8787 -1
9644 2029 -1
9662 5666 -1
9662 13130 -1
194 10078 -1
2665 10456 -1
10593 5708 -1
10593 10339 -1
10079 3398 -1
5818 1396 -1
5818 305 -1
6228 8573 -1
6442 6741 -1
6444 8862 -1
10683 4969 -1
10683 4979 -1
7271 9968 -1
8628 9629 -1
9181 1344 -1
8874 10857 -1
13135 11160 -1
8738 9065 -1
10028 1498 -1
10028 9143 -1
604 1919 -1
9314 10399 -1
6144 1279 -1
9629 10352 -1
952 7445 -1
7441 9985 -1
7441 8862 -1
7442 13070 -1
4971 1744 -1
3018 8882 -1
3018 6143 -1
3018 7050 -1
2836 4207 -1
2836 298 -1
4715 8450 -1
8641 8893 -1
9968 1344 -1
3989 10588 -1
3989 9065 -1
13147 6451 -1
7110 10397 -1
8037 12543 -1
12168 9332 -1
12168 7486 -1
442 485 -1
3408 2902 -1
3409 7867 -1
1379 1702 -1
6454 429 -1
95 10351 -1
11173 13031 -1
11173 2886 -1
8836 445 -1
9114 3398 -1
11442 1744 -1
11442 6118 -1
9854 6132 -1
9985 7868 -1
1982 7673 -1
1982 6803 -1
13031 12643 -1
3398 12548 -1
8882 12543 -1
48 1702 -1
73 11568 -1
958 6812 -1
7158 12013 -1
9283 1343 -1
12903 6633 -1
2004 5918 -1
2004 7486 -1
6251 11589 -1
3990 2365 -1
8573 8862 -1
10175 6179 -1
2693 9614 -1
8861 4969 -1
869 1254 -1
10626 4656 -1
9179 10339 -1
7094 5782 -1
7923 10889 -1
3322 82 -1
3322 10107 -1
5823 7445 -1
10341 2891 -1
3321 4659 -1
13129 6554 -1
3654 8282 -1
3143 6179 -1
9171 2482 -1
3754 8827 -1
1305 206 -1
7766 3977 -1
9420 13130 -1
8828 1920 -1
8828 3480 -1
1278 12697 -1
6229 12012 -1
6229 429 -1
4952 5854 -1
11226 1254 -1
7618 128 -1
1905 10109 -1
1905 9678 -1
730 11476 -1
4159 7739 -1
12548 176 -1
4412 114 -1
4207 7867 -1
7246 126 -1
3733 485 -1
1045 7729 -1
2922 8213 -1
2922 172 -1
7888 6115 -1
4238 12556 -1
5583 10389 -1
8278 7769 -1
7783 13188 -1
5722 128 -1
8410 1907 -1
6110 8286 -1
10399 11568 -1
8429 3920 -1
6774 9663 -1
12694 4661 -1
5812 7922 -1
4969 1254 -1
4969 82 -1
7268 9676 -1
6640 6579 -1
3671 9065 -1
1661 12751 -1
12184 824 -1
1806 12492 -1
12972 9510 -1
12267 938 -1
12166 12026 -1
4195 961 -1
12011 2438 -1
12011 4837 -1
12013 9088 -1
12959 9898 -1
297 889 -1
3062 9059 -1
12398 11568 -1
12970 9898 -1
126 6542 -1
729 11366 -1
939 11708 -1
3981 6803 -1
10111 2902 -1
10811 10190 -1
12571 8795 -1
2482 2645 -1
12880 10520 -1
1201 4660 -1
1201 3665 -1
128 2690 -1
6641 10107 -1
6642 7728 -1
11568 5784 -1
10299 13188 -1
7814 7819 1
7814 7813 1
7806 7822 1
7809 7808 1
7809 7817 1
130 131 1
5896 5897 1
5896 5898 1
5899 5889 1
5891 5900 1
12941 12938 1
12936 12938 1
12936 12939 1
12940 12938 1
5633 5632 1
5633 5631 1
10492 10491 1
735 736 1
6735 6737 1
6732 6734 1
12043 12059 1
12058 12060 1
12056 12039 1
12046 12054 1
12061 12054 1
10817 10822 1
10817 10818 1
10822 10820 1
10823 10820 1
10823 10821 1
4452 4454 1
3113 3115 1
3114 3115 1
4696 4697 1
10334 10335 1
5550 5552 1
5553 5551 1
6367 6366 1
8123 8131 1
8133 8125 1
8127 8121 1
8121 8128 1
568 567 1
5980 5979 1
5980 5977 1
7106 7107 1
10671 10670 1
6186 6185 1
6187 6185 1
3954 3959 1
3961 3958 1
4861 4862 1
5563 5561 1
3024 3026 1
3023 3026 1
12676 12677 1
115 116 1
4815 4816 1
12230 12229 1
3072 3073 1
3073 3069 1
12254 12253 1
12257 12253 1
12259 12256 1
12255 12261 1
7284 7285 1
4169 4171 1
9277 9278 1
10075 10074 1
10075 10071 1
4316 4318 1
4305 4315 1
4307 4300 1
4309 4300 1
4318 4301 1
4313 4297 1
4297 4310 1
10116 10118 1
10117 10120 1
6447 6446 1
6447 6445 1
6446 6445 1
1630 1631 1
1630 1629 1
3290 3291 1
3290 3292 1
3293 3291 1
3291 3292 1
4962 4961 1
794 793 1
11652 11651 1
11651 11650 1
11695 11696 1
11451 11450 1
4339 4338 1
4959 4960 1
4959 4958 1
4960 4958 1
2960 2961 1
2960 2959 1
10879 10877 1
10874 10878 1
10875 10878 1
10877 10876 1
10878 10876 1
4496 4495 1
6924 6925 1
6927 6921 1
6921 6926 1
8358 8359 1
11983 11985 1
11983 11982 1
11983 11984 1
11982 11984 1
9604 9605 1
7379 7380 1
105 104 1
2834 2835 1
10794 10795 1
3935 3936 1
2636 2634 1
2636 2637 1
2640 2641 1
2638 2635 1
2635 2639 1
10715 10708 1
10716 10713 1
10716 10717 1
10712 10714 1
7222 7223 1
12335 12336 1
8697 8699 1
7250 7251 1
8425 8424 1
3624 3580 1
3626 3584 1
7207 7208 1
550 551 1
550 553 1
265 264 1
8601 8603 1
8606 8603 1
8607 8603 1
2747 2749 1
2749 2746 1
2749 2751 1
2744 2746 1
2746 2748 1
2746 2750 1
2746 2751 1
2748 2745 1
2750 2751 1
4871 4873 1
4871 4872 1
4874 4872 1
4873 4872 1
1326 1327 1
1325 1327 1
909 910 1
5634 5635 1
9999 9998 1
9999 10001 1
9998 10001 1
10587 10586 1
4503 4505 1
4503 4504 1
11148 11147 1
12689 12690 1
12689 12688 1
12690 12688 1
11239 11240 1
11003 11004 1
3929 3931 1
3929 3930 1
3931 3930 1
12187 12186 1
6032 6033 1
6030 6031 1
6030 6028 1
6031 6028 1
2653 2654 1
89 87 1
85 90 1
90 84 1
424 417 1
413 422 1
575 574 1
10186 10189 1
10186 10188 1
10185 10188 1
6053 6054 1
9175 9176 1
625 626 1
7516 7515 1
12286 12285 1
12286 12284 1
12285 12287 1
8251 8250 1
10487 10488 1
10487 10486 1
10485 10486 1
11205 11211 1
11208 11202 1
11209 11207 1
5848 5849 1
4832 4831 1
4833 4831 1
4462 4459 1
8610 8611 1
8612 8611 1
4400 4401 1
4399 4401 1
1637 1639 1
2034 2035 1
3773 3774 1
214 212 1
212 213 1
11631 11632 1
2314 2313 1
2954 2953 1
238 239 1
4908 4909 1
5874 5875 1
5874 5876 1
7280 7281 1
7282 7281 1
11460 11461 1
98 99 1
99 97 1
2844 2845 1
4739 4742 1
4739 4744 1
4745 4736 1
4735 4738 1
1257 1258 1
12926 12924 1
12926 12922 1
10411 10410 1
10411 10412 1
10413 10412 1
10410 10412 1
2783 2778 1
2780 2781 1
2782 2781 1
2779 2778 1
10379 10378 1
3830 3829 1
3819 3834 1
3839 3822 1
3821 3827 1
3843 3841 1
3834 3842 1
3817 3829 1
3818 3835 1
10089 10097 1
1031 1030 1
1033 1034 1
1265 1262 1
1265 1263 1
1267 1263 1
1266 1263 1
1266 1261 1
1263 1261 1
10992 10991 1
10991 10990 1
109 110 1
11996 11997 1
11996 11998 1
11996 11995 1
11997 11995 1
11846 11789 1
11800 11831 1
11800 11825 1
11767 11784 1
11824 11871 1
11772 11776 1
11812 11855 1
3888 3874 1
3878 3880 1
3882 3871 1
3865 3874 1
6265 6264 1
6262 6266 1
6266 6268 1
6267 6268 1
8028 8024 1
8028 8019 1
8026 8019 1
8024 8020 1
8019 8025 1
8782 8780 1
11914 11915 1
6946 6948 1
6947 6948 1
6945 6943 1
1400 1404 1
1404 1401 1
1404 1402 1
12600 12601 1
6727 6728 1
130 12453 -1
130 6605 -1
5897 12165 -1
9240 7535 -1
12937 7217 -1
474 7209 -1
12422 1388 -1
12422 4476 -1
9199 2867 -1
9200 10159 -1
5631 11964 -1
10947 992 -1
6952 10300 -1
6952 7514 -1
736 5634 -1
736 7768 -1
736 5589 -1
12069 5851 -1
2478 579 -1
4675 1248 -1
4675 1746 -1
11916 2919 -1
10820 12254 -1
185 7179 -1
846 9616 -1
3113 10739 -1
3115 115 -1
4696 4630 -1
8632 3773 -1
5809 9277 -1
5809 112 -1
5809 3569 -1
3158 310 -1
6367 7801 -1
6366 10225 -1
6366 10061 -1
3197 11964 -1
2757 596 -1
5983 11548 -1
11368 12843 -1
11368 12641 -1
11368 12250 -1
11368 8048 -1
7106 3320 -1
10671 12337 -1
10671 1032 -1
5851 6581 -1
5851 236 -1
4477 264 -1
4477 2650 -1
4477 3171 -1
4127 11233 -1
4127 9239 -1
4127 10230 -1
9260 9237 -1
759 7165 -1
12843 3260 -1
12843 6521 -1
883 3930 -1
2382 12828 -1
2382 8251 -1
2382 10488 -1
803 4177 -1
992 10946 -1
7761 9239 -1
8427 9277 -1
8427 423 -1
8427 8610 -1
6185 274 -1
2729 9627 -1
3955 2028 -1
3959 3936 -1
4862 4691 -1
4862 6032 -1
4862 3541 -1
3025 2347 -1
11935 2682 -1
11935 3860 -1
12677 10715 -1
115 7801 -1
4816 7071 -1
4816 11240 -1
4816 12821 -1
12229 7284 -1
3073 236 -1
3070 4167 -1
370 11262 -1
4418 4170 -1
4418 8640 -1
4418 2867 -1
931 11152 -1
457 1855 -1
8790 83 -1
7217 7409 -1
6085 7223 -1
6085 579 -1
5813 7851 -1
8759 430 -1
4942 123 -1
8262 4691 -1
12165 274 -1
3969 1307 -1
4170 8639 -1
4170 5875 -1
4170 3876 -1
4700 8457 -1
4700 10415 -1
12453 13104 -1
4319 10248 -1
7408 3774 -1
11016 1248 -1
11016 9242 -1
11016 11451 -1
12337 10259 -1
10118 274 -1
149 2833 -1
149 3010 -1
7671 10909 -1
6445 4961 -1
1629 6053 -1
9186 10361 -1
9016 5658 -1
9069 5657 -1
6597 10916 -1
6597 8705 -1
12033 12916 -1
10225 10916 -1
10225 596 -1
3014 4739 -1
9638 3748 -1
9638 456 -1
7037 6027 -1
5724 8457 -1
12882 2919 -1
12882 10803 -1
12828 1328 -1
11650 10741 -1
10854 274 -1
10854 2041 -1
11697 10379 -1
11451 9476 -1
11451 12284 -1
11451 2041 -1
12539 11995 -1
12906 10578 -1
9840 299 -1
2961 1388 -1
2959 11964 -1
9539 7409 -1
9539 12172 -1
10879 11217 -1
10874 2756 -1
10875 9376 -1
10876 6905 -1
10361 4167 -1
4495 9284 -1
13055 12893 -1
6924 4399 -1
6927 2347 -1
6926 3541 -1
8358 6053 -1
8358 10230 -1
8359 1054 -1
11985 10806 -1
11984 2654 -1
11984 1149 -1
10215 10909 -1
9605 2985 -1
1342 2954 -1
7380 6031 -1
105 3297 -1
104 7535 -1
10159 8698 -1
6083 1099 -1
2834 626 -1
3917 4751 -1
3917 12678 -1
12003 10991 -1
300 2041 -1
10795 6147 -1
10795 5919 -1
3935 7222 -1
274 8705 -1
8626 11964 -1
5840 3320 -1
10707 5936 -1
9615 9195 -1
9615 4476 -1
10259 10975 -1
4177 3931 -1
7514 6565 -1
8425 3656 -1
8424 1099 -1
6963 6945 -1
1748 3592 -1
3617 2866 -1
3621 4909 -1
7207 4909 -1
550 3931 -1
550 2866 -1
12635 10261 -1
12635 12200 -1
7071 2953 -1
3748 11723 -1
265 7553 -1
265 11548 -1
8600 3775 -1
11217 6801 -1
5729 12364 -1
10061 12908 -1
1551 84 -1
1551 2034 -1
4872 5734 -1
1388 11240 -1
10261 2867 -1
10261 3267 -1
5558 2428 -1
3651 83 -1
1688 12792 -1
4644 6905 -1
7768 99 -1
11148 11548 -1
299 3636 -1
4691 13062 -1
2650 7306 -1
3017 559 -1
3017 8086 -1
12187 12686 -1
6029 2682 -1
12540 456 -1
8357 10741 -1
7625 11995 -1
6581 12908 -1
4587 2867 -1
4552 13179 -1
2653 12893 -1
1307 10016 -1
1307 6943 -1
1307 9276 -1
9237 10975 -1
9237 2954 -1
2974 5658 -1
2974 6905 -1
7068 129 -1
7068 9057 -1
10365 497 -1
10365 10909 -1
4236 5658 -1
421 7470 -1
411 1636 -1
12821 5758 -1
574 7553 -1
10185 11631 -1
9176 8377 -1
9176 737 -1
12200 10158 -1
6464 1404 -1
625 12172 -1
626 10808 -1
13104 1062 -1
6565 13179 -1
3297 6037 -1
3297 2413 -1
6521 8754 -1
8350 238 -1
6037 123 -1
5658 8754 -1
5658 12678 -1
9376 7306 -1
8758 6905 -1
4549 2737 -1
8871 6727 -1
7218 559 -1
11617 4835 -1
11617 10913 -1
13213 2028 -1
11343 8457 -1
8338 2413 -1
8338 5606 -1
3915 12806 -1
3915 7166 -1
12001 7743 -1
13228 7165 -1
2035 11723 -1
2028 8705 -1
2953 1674 -1
7836 7282 -1
1074 1264 -1
7282 12172 -1
559 10412 -1
2763 1031 -1
4634 7744 -1
2985 10956 -1
13179 3541 -1
11071 11995 -1
11098 236 -1
2737 1404 -1
8377 742 -1
4217 11847 -1
7743 10741 -1
12692 12691 1
936 933 1
934 933 1
934 935 1
933 935 1
811 812 1
811 813 1
2771 2770 1
10148 10149 1
10149 10147 1
10022 10024 1
10022 10023 1
13049 13047 1
13046 13047 1
13052 13050 1
11284 11283 1
11282 11283 1
11281 11283 1
2896 2895 1
2861 2862 1
2861 2864 1
1666 1665 1
1666 1668 1
1665 1668 1
12838 12839 1
12838 12837 1
12839 12837 1
765 770 1
767 769 1
766 770 1
766 763 1
9674 9675 1
9673 9675 1
6060 6059 1
6058 6059 1
2009 2010 1
2009 2011 1
2374 2373 1
2374 2376 1
2375 2376 1
2373 2376 1
6330 6331 1
11303 11304 1
9835 9836 1
4438 4437 1
2730 2731 1
11526 11525 1
12931 12930 1
3054 3051 1
3046 3043 1
3046 3055 1
3050 3052 1
10392 10393 1
4650 4649 1
2679 2678 1
2677 2680 1
6194 6198 1
6194 6200 1
6198 6204 1
6206 6197 1
6199 6205 1
6205 6200 1
6420 6419 1
3148 3147 1
10918 10919 1
6698 6697 1
5909 5910 1
9054 9051 1
9054 9052 1
9054 9053 1
9051 9052 1
9052 9053 1
3464 3465 1
1178 1176 1
1174 1179 1
1177 1181 1
1186 1185 1
1175 1184 1
4637 4636 1
1986 1987 1
1986 1988 1
1987 1988 1
1987 1989 1
10346 10345 1
2759 2760 1
10734 10733 1
11573 11575 1
11574 11575 1
11957 11956 1
3242 3241 1
3242 3234 1
3240 3245 1
3233 3241 1
3239 3244 1
974 973 1
10953 10952 1
10953 10954 1
10950 10951 1
10951 10952 1
7958 7959 1
9226 9225 1
11718 11717 1
3155 3154 1
10968 10970 1
10969 10970 1
11065 11068 1
11065 11066 1
8089 8088 1
9882 9890 1
9888 9891 1
9886 9892 1
9879 9876 1
9883 9885 1
7483 7484 1
5646 5644 1
5646 5650 1
5646 5651 1
5641 5645 1
5641 5643 1
5641 5648 1
5649 5643 1
10680 10679 1
10678 10677 1
3987 3988 1
5574 5575 1
5573 5579 1
5578 5575 1
5576 5575 1
5576 5579 1
5575 5580 1
855 852 1
855 854 1
852 853 1
856 853 1
857 853 1
7126 7125 1
7129 7127 1
7127 7125 1
12883 12884 1
12216 12217 1
4225 4228 1
4224 4223 1
4226 4228 1
4226 4219 1
4223 4220 1
6470 6469 1
4428 4427 1
11264 11263 1
12793 12795 1
12793 12797 1
12796 12794 1
12795 12797 1
8114 8115 1
10517 10516 1
2900 2901 1
10162 10164 1
10162 10163 1
10161 10163 1
6485 6486 1
6487 6517 1
6487 6503 1
6510 6492 1
1851 1850 1
8187 8186 1
7552 7551 1
2360 2359 1
7790 7791 1
6299 6298 1
6297 6298 1
2831 2830 1
2549 2547 1
2547 2548 1
3092 3091 1
7176 7177 1
7176 7175 1
7177 7175 1
923 924 1
9367 9368 1
12514 12515 1
12514 12517 1
12518 12515 1
12518 12517 1
12515 12516 1
591 592 1
7876 7877 1
12617 12619 1
12617 12618 1
12619 12618 1
8594 8596 1
8597 8595 1
8803 8802 1
8803 8804 1
8802 8804 1
4328 4329 1
4326 4324 1
4325 4327 1
1227 1226 1
1228 1240 1
1221 1222 1
1238 1237 1
1229 1237 1
1229 1225 1
3378 3379 1
3276 3277 1
7278 7277 1
12389 12388 1
10605 10607 1
10611 10604 1
10611 10609 1
10606 10610 1
10607 10609 1
11731 11730 1
7498 7499 1
6092 6089 1
6091 6093 1
6088 6093 1
11613 11614 1
11612 11603 1
11615 11614 1
11608 11614 1
11611 11603 1
12500 12495 1
2874 2870 1
2872 2868 1
2872 2869 1
1813 1814 1
12790 12789 1
1088 1083 1
1088 1082 1
10851 10850 1
10851 10852 1
10850 10852 1
2899 2897 1
2899 2898 1
13060 13059 1
12361 12362 1
12362 12360 1
4867 4869 1
4869 4866 1
12247 12248 1
6041 6040 1
1300 1303 1
1300 1295 1
1301 1295 1
4491 4490 1
4492 4489 1
581 580 1
10842 10839 1
10840 10836 1
10840 10841 1
10835 10843 1
10834 10837 1
3205 3206 1
6217 6214 1
6217 6215 1
6217 6216 1
6214 6216 1
4158 4157 1
4154 4156 1
4154 4155 1
1729 1728 1
459 458 1
2850 2849 1
4565 4564 1
8267 8270 1
8267 8271 1
8267 8268 1
8270 8271 1
8270 8268 1
5698 5697 1
5699 5697 1
5554 5555 1
8990 8989 1
8997 8999 1
2416 2415 1
10302 10301 1
10302 10303 1
10301 10303 1
3002 3001 1
3000 2999 1
2998 2999 1
11584 11582 1
7335 7334 1
9216 9211 1
9216 9219 1
9211 9219 1
10285 10284 1
13069 13068 1
13069 13067 1
342 348 1
344 340 1
343 351 1
352 346 1
351 345 1
351 348 1
349 348 1
347 340 1
340 348 1
366 365 1
757 758 1
11992 111 -1
936 12772 -1
933 6217 -1
935 3778 -1
811 357 -1
812 2679 -1
10029 3246 -1
10029 4867 -1
10029 6617 -1
2771 12080 -1
2770 757 -1
10147 8455 -1
10147 3058 -1
10147 351 -1
5795 10214 -1
11377 6136 -1
11377 1037 -1
10024 1190 -1
13049 5659 -1
13050 7483 -1
12014 6199 -1
12014 10914 -1
12014 3058 -1
10367 3248 -1
10367 2707 -1
7490 12213 -1
7490 6 -1
7843 7793 -1
4588 4649 -1
4588 10734 -1
4588 2409 -1
10155 12087 -1
10155 3378 -1
10155 8954 -1
8230 3148 -1
8230 854 -1
8230 397 -1
1242 13073 -1
1242 7493 -1
357 11525 -1
8036 1118 -1
8036 7255 -1
4875 8635 -1
11315 6902 -1
11315 11133 -1
3060 9226 -1
3060 4770 -1
3157 684 -1
11674 10333 -1
2895 11303 -1
2895 7327 -1
10214 7483 -1
10214 10915 -1
6902 1118 -1
6902 8441 -1
12396 9881 -1
12396 8115 -1
8837 6470 -1
1665 12656 -1
1668 11093 -1
12838 11263 -1
7555 11443 -1
3713 12619 -1
765 454 -1
770 2829 -1
770 270 -1
1608 11525 -1
1608 1851 -1
9519 2840 -1
9519 7499 -1
9519 2849 -1
7279 7098 -1
7279 4621 -1
4918 8954 -1
10070 5699 -1
11529 7526 -1
11529 2409 -1
7104 8736 -1
13073 3465 -1
13073 5771 -1
6060 761 -1
6059 8242 -1
2010 3296 -1
12365 2456 -1
10589 9648 -1
1852 1689 -1
1852 6326 -1
1852 6188 -1
1852 576 -1
12323 5534 -1
2627 3987 -1
10663 7132 -1
10663 9177 -1
10663 5908 -1
12102 10346 -1
11303 12788 -1
11303 12087 -1
11303 12231 -1
11304 4579 -1
4438 11525 -1
4438 7492 -1
4438 8349 -1
493 9988 -1
493 2831 -1
840 4581 -1
11950 1101 -1
11950 11717 -1
11950 270 -1
7040 2897 -1
6560 12194 -1
5824 566 -1
11302 11606 -1
12099 10223 -1
12099 10881 -1
13125 2679 -1
13125 7377 -1
6253 2830 -1
2840 11015 -1
12931 7492 -1
8806 207 -1
4435 11065 -1
6655 4455 -1
12016 5573 -1
8635 2760 -1
8635 6522 -1
3253 8902 -1
6707 9475 -1
6707 8902 -1
3042 817 -1
3050 8349 -1
11530 12534 -1
6039 1353 -1
7526 10918 -1
7526 2931 -1
7526 3056 -1
7526 1456 -1
13115 10533 -1
2677 1687 -1
6201 5771 -1
6194 8588 -1
6197 817 -1
339 6697 -1
12022 8771 -1
7759 10950 -1
7616 12087 -1
7616 12487 -1
6148 4636 -1
10868 2456 -1
10868 8588 -1
11462 6286 -1
3148 2830 -1
3148 9315 -1
10919 9969 -1
9054 3778 -1
9052 12618 -1
4617 11279 -1
4617 2829 -1
4617 10851 -1
1101 1087 -1
3465 3276 -1
3465 12142 -1
111 10693 -1
10828 3154 -1
6109 8378 -1
6109 7831 -1
6109 2406 -1
1183 12312 -1
1179 7493 -1
12312 6041 -1
7327 7046 -1
7327 6524 -1
6654 6470 -1
8574 5908 -1
12932 8378 -1
12932 6326 -1
4636 7493 -1
9475 7493 -1
8361 1354 -1
10346 6095 -1
8197 9643 -1
8197 5866 -1
8197 8803 -1
8442 2768 -1
9969 12247 -1
10734 4621 -1
11574 9508 -1
1689 2409 -1
6418 4428 -1
6418 1124 -1
6418 5743 -1
8184 2646 -1
8184 12183 -1
967 4610 -1
402 11440 -1
817 8596 -1
3963 8954 -1
7734 1850 -1
3153 12516 -1
381 9245 -1
12661 576 -1
9225 7483 -1
7132 12884 -1
4610 1037 -1
8242 4540 -1
8242 10220 -1
3154 11440 -1
10969 8172 -1
10970 1572 -1
10970 13059 -1
8771 2897 -1
9886 2425 -1
9880 3248 -1
12443 5578 -1
12443 4427 -1
10173 13126 -1
6133 7278 -1
395 5743 -1
2629 9178 -1
10859 2545 -1
10859 2416 -1
3988 12361 -1
9649 12072 -1
9649 3723 -1
1911 11015 -1
5921 9708 -1
7128 8789 -1
7128 9212 -1
12216 459 -1
4246 11440 -1
9864 4621 -1
1167 12518 -1
302 3248 -1
9988 12493 -1
8774 3395 -1
13199 12087 -1
2442 10303 -1
11264 6995 -1
12797 12487 -1
8115 9178 -1
6995 8441 -1
11279 7098 -1
1390 12388 -1
8341 12493 -1
11015 3248 -1
8863 6326 -1
8863 758 -1
3395 10302 -1
7551 12487 -1
397 4540 -1
7790 7928 -1
8789 2830 -1
8789 8458 -1
10812 12360 -1
7930 4572 -1
1958 8597 -1
1958 5555 -1
6322 341 -1
9367 9648 -1
6598 12388 -1
12517 2707 -1
3973 8441 -1
3973 7493 -1
7877 5554 -1
12617 5554 -1
8596 761 -1
1124 6617 -1
1124 9353 -1
8802 8633 -1
3378 944 -1
6095 5908 -1
6095 12248 -1
3276 6910 -1
8441 3248 -1
12388 12231 -1
7377 1813 -1
12072 12500 -1
6286 5699 -1
8458 6522 -1
12183 273 -1
11731 6613 -1
7845 1809 -1
1329 12493 -1
13126 8588 -1
12498 5908 -1
12495 4155 -1
566 9218 -1
273 5548 -1
10993 1738 -1
6778 4158 -1
6617 7767 -1
1302 758 -1
4571 12772 -1
10833 10220 -1
8633 5548 -1
4621 7405 -1
4154 3712 -1
6558 1809 -1
5534 7699 -1
576 4247 -1
8902 6522 -1
5691 5690 1
5691 5693 1
5690 5693 1
4596 4593 1
4596 4594 1
4593 4595 1
8969 8968 1
8967 8968 1
4292 4291 1
4290 4291 1
2001 2003 1
2001 2002 1
6543 6544 1
3003 3007 1
3003 3005 1
3003 3006 1
3005 3006 1
199 197 1
10568 10564 1
10559 10566 1
10565 10566 1
12904 12905 1
3938 3943 1
3940 3944 1
3942 3939 1
3939 3941 1
3944 3943 1
7398 7400 1
7400 7396 1
606 607 1
608 607 1
10682 10681 1
3134 3133 1
9333 9334 1
10594 10597 1
10598 10599 1
10599 10596 1
10595 10596 1
5792 5791 1
2933 2932 1
6607 6606 1
3659 3660 1
3660 3658 1
11036 11035 1
4772 4773 1
11678 11680 1
11679 11677 1
3032 3029 1
3032 3031 1
1432 1430 1
1432 1428 1
1431 1428 1
1431 1429 1
1428 1429 1
5752 5751 1
5753 5751 1
5753 5755 1
2095 2058 1
2100 2179 1
2111 2183 1
2103 2048 1
5716 5717 1
7259 7260 1
1270 1271 1
7670 7669 1
1909 1908 1
3196 3195 1
11934 11933 1
11122 11121 1
2670 2671 1
6718 6717 1
12122 12121 1
6761 6760 1
3191 3194 1
3190 3192 1
6082 6081 1
10995 10996 1
12173 12174 1
2923 2924 1
521 520 1
510 513 1
517 519 1
519 524 1
523 526 1
10356 10357 1
10356 10354 1
10376 10375 1
2846 2847 1
10105 10106 1
10105 10104 1
10106 10104 1
11128 11127 1
11128 11129 1
11127 11129 1
11127 11130 1
11639 11638 1
10912 10911 1
1205 1204 1
1205 1207 1
1206 1207 1
1204 1207 1
4890 4891 1
4891 4892 1
275 276 1
4642 4641 1
2643 2644 1
9025 9024 1
9023 9024 1
12708 12707 1
6669 6671 1
6669 6672 1
6673 6668 1
6673 6674 1
6668 6670 1
6674 6670 1
6672 6670 1
8720 8719 1
8905 8934 1
8946 8943 1
8939 8945 1
10213 10212 1
428 427 1
5997 5988 1
5990 5987 1
5990 5994 1
5988 5995 1
5991 5993 1
12606 12607 1
3027 3028 1
13216 13214 1
6551 6546 1
6550 6552 1
6552 6547 1
2765 2766 1
3809 3808 1
6307 6304 1
6315 6303 1
6318 6303 1
6303 6309 1
6301 6302 1
9991 9989 1
151 152 1
151 153 1
152 153 1
6611 6610 1
8102 8103 1
8096 8105 1
7897 7893 1
7897 7895 1
7898 7892 1
7893 7894 1
7890 7891 1
11552 11550 1
11551 11550 1
1090 1091 1
9364 9363 1
12910 12909 1
6320 6319 1
4955 4954 1
4176 4175 1
2378 2379 1
4678 4681 1
4681 4679 1
4681 4677 1
4679 4680 1
4680 4677 1
4677 4676 1
12369 12372 1
12368 12370 1
12372 12371 1
11421 11425 1
6329 6328 1
5705 5704 1
2709 2710 1
2709 2708 1
2710 2711 1
2708 2711 1
260 261 1
2727 2725 1
2727 2726 1
2725 2726 1
12536 12537 1
11150 11151 1
11149 11151 1
1680 1681 1
11266 11267 1
4498 4499 1
1627 1628 1
1621 1626 1
3643 3642 1
1515 1520 1
1515 1519 1
1513 1517 1
1518 1514 1
1519 1516 1
7933 7934 1
7933 7935 1
11403 11404 1
3130 3129 1
8419 8412 1
8413 8418 1
8414 8417 1
9493 9497 1
10454 10451 1
10454 10452 1
10451 10452 1
10451 10450 1
10452 10450 1
10452 10449 1
10450 10449 1
2911 2910 1
808 810 1
808 809 1
807 810 1
810 809 1
2005 2007 1
2005 2006 1
2007 2006 1
9407 9405 1
9407 9411 1
9414 9410 1
9398 9408 1
9412 9400 1
9412 9415 1
9403 9411 1
9405 9410 1
5804 5805 1
5806 5805 1
263 262 1
2608 2607 1
9076 9075 1
9076 9077 1
9075 9077 1
10502 10504 1
10499 10497 1
10505 10500 1
10505 10497 1
4855 4854 1
13065 13066 1
10381 10380 1
7466 7464 1
7466 7462 1
7466 7467 1
7461 7467 1
7461 7460 1
7302 7304 1
1546 1547 1
11236 11235 1
11236 11234 1
11545 11544 1
11545 11543 1
9048 9046 1
9046 9047 1
11193 11192 1
9620 9619 1
4240 4244 1
4239 4243 1
4244 4243 1
7451 7452 1
1826 1827 1
1827 1828 1
11417 11418 1
388 387 1
9457 9456 1
1000 1002 1
999 1004 1
7589 7590 1
7597 7579 1
7597 7577 1
4203 4202 1
12377 12376 1
12376 12379 1
12380 12375 1
12379 12378 1
12378 12375 1
9938 9940 1
9938 9939 1
9936 9937 1
9940 9939 1
10012 10010 1
12408 12409 1
12408 12410 1
12409 12410 1
1194 1192 1
1194 1193 1
1194 1195 1
1192 1195 1
1193 1196 1
1591 1592 1
1974 1971 1
1974 1976 1
1972 1970 1
1972 1969 1
1970 1973 1
1970 1976 1
1973 1969 1
1969 1976 1
10555 10554 1
6210 6211 1
6210 6212 1
1052 10004 -1
5692 2932 -1
12574 7082 -1
4593 6620 -1
4595 8814 -1
94 11647 -1
12967 3133 -1
12967 6723 -1
8968 3755 -1
4292 7861 -1
2003 11728 -1
6543 1080 -1
6544 1592 -1
10948 11464 -1
10363 8290 -1
2865 7861 -1
8706 12181 -1
8706 6539 -1
8706 522 -1
10398 3266 -1
6578 9974 -1
6578 1205 -1
6578 230 -1
7206 1035 -1
7206 460 -1
6932 4202 -1
199 4376 -1
198 4702 -1
545 8590 -1
945 4954 -1
13146 5772 -1
12905 1685 -1
3940 4682 -1
3939 5800 -1
3939 5 -1
3944 5727 -1
3943 4160 -1
4981 12615 -1
6568 2726 -1
608 5761 -1
4806 11236 -1
271 546 -1
3134 10258 -1
6108 9619 -1
546 12268 -1
9334 3984 -1
10601 5845 -1
10597 7603 -1
2460 3275 -1
2460 2537 -1
2460 1970 -1
3139 3319 -1
3139 2661 -1
3139 5806 -1
12520 154 -1
5793 10743 -1
5793 6935 -1
5791 3984 -1
5791 1035 -1
10241 6209 -1
10242 2437 -1
7049 5852 -1
3008 12122 -1
3008 10963 -1
9950 11601 -1
9950 2725 -1
8873 1735 -1
154 4160 -1
154 7343 -1
13075 2728 -1
12469 1933 -1
11569 11073 -1
7865 6314 -1
2933 3565 -1
8403 1499 -1
13196 96 -1
13190 10912 -1
7727 12122 -1
11463 11679 -1
6174 7850 -1
6174 4623 -1
3658 12032 -1
5560 2608 -1
11033 3028 -1
11034 6182 -1
11034 11671 -1
4773 932 -1
10258 8216 -1
11728 10489 -1
1021 10108 -1
1021 3057 -1
11679 233 -1
3984 5976 -1
8010 1772 -1
1430 254 -1
5754 388 -1
2140 2606 -1
12773 1933 -1
11881 96 -1
5717 9661 -1
8775 9456 -1
6936 7712 -1
1271 1883 -1
5761 11085 -1
8811 1125 -1
8811 9848 -1
8811 248 -1
5726 1090 -1
1100 11086 -1
7085 13172 -1
2972 8798 -1
2972 8412 -1
1862 11441 -1
4341 4635 -1
11020 8111 -1
3262 11448 -1
9924 5852 -1
9924 13149 -1
11121 7378 -1
11121 4607 -1
2671 7378 -1
2671 12369 -1
2671 4498 -1
2753 1883 -1
2753 7254 -1
9855 10357 -1
9855 6175 -1
1735 9197 -1
1735 810 -1
4201 7213 -1
3634 9520 -1
3634 11671 -1
6226 7603 -1
569 11903 -1
10172 10747 -1
1028 5772 -1
12464 10068 -1
2437 12004 -1
2437 4635 -1
3264 8216 -1
6718 1931 -1
6718 7160 -1
6717 8568 -1
12615 590 -1
7447 1068 -1
7447 12268 -1
8111 1739 -1
4464 2660 -1
5730 4838 -1
6761 2927 -1
6760 1685 -1
12637 5845 -1
12637 2701 -1
1500 11647 -1
11897 230 -1
1340 3446 -1
822 10376 -1
822 7182 -1
3319 7861 -1
6539 10004 -1
6539 11960 -1
2923 3446 -1
5852 11446 -1
5852 10003 -1
513 9110 -1
10355 7378 -1
10004 8459 -1
10376 1933 -1
2606 11073 -1
2660 4943 -1
2660 6328 -1
756 8568 -1
2847 11085 -1
12169 11446 -1
12169 4239 -1
10105 11086 -1
10489 275 -1
10489 9339 -1
10489 3642 -1
10489 5805 -1
10858 8265 -1
10121 6710 -1
11441 1844 -1
2661 3642 -1
7617 12363 -1
3565 12708 -1
4160 7254 -1
1206 11002 -1
1204 808 -1
6765 11404 -1
851 1844 -1
6026 96 -1
6026 10002 -1
1035 6208 -1
1035 10442 -1
276 6611 -1
276 11074 -1
12542 6550 -1
12542 1772 -1
4641 9520 -1
10959 12607 -1
7603 6620 -1
11647 6422 -1
10218 1824 -1
10218 11002 -1
9362 10555 -1
1931 11002 -1
1931 10377 -1
3400 8719 -1
3400 5821 -1
13149 1933 -1
10479 3140 -1
1883 8764 -1
10703 1685 -1
10703 6211 -1
2537 9681 -1
7443 9520 -1
7443 11074 -1
8720 9021 -1
8719 6175 -1
8938 2728 -1
8437 9869 -1
8189 400 -1
8189 3326 -1
10213 13216 -1
5986 9492 -1
7254 8798 -1
7254 2651 -1
7254 1970 -1
13214 10002 -1
6551 4955 -1
6611 7576 -1
8656 4185 -1
686 8814 -1
8947 8277 -1
8947 2515 -1
96 7151 -1
11158 4635 -1
11550 12004 -1
9364 2773 -1
9364 4376 -1
590 2005 -1
7339 3649 -1
7861 3755 -1
12910 1103 -1
6320 11074 -1
8657 4203 -1
2773 7113 -1
6208 7746 -1
6208 13194 -1
4954 1547 -1
4702 7589 -1
10129 4635 -1
8798 9869 -1
12032 5976 -1
7746 1824 -1
10688 4607 -1
10688 1610 -1
7889 9494 -1
1685 1846 -1
1685 11544 -1
4646 11151 -1
9190 11438 -1
8840 10500 -1
8840 7353 -1
1824 4376 -1
11457 2515 -1
9848 4376 -1
11955 1103 -1
1844 4623 -1
549 9619 -1
9339 2007 -1
11150 2608 -1
1699 2996 -1
11266 10555 -1
11267 11438 -1
11268 2414 -1
4185 3649 -1
1626 11086 -1
3991 1703 -1
3991 1933 -1
7343 10444 -1
7343 12408 -1
2701 10068 -1
2701 7452 -1
3185 11073 -1
3185 10518 -1
3185 6077 -1
9403 11417 -1
262 1610 -1
6296 12234 -1
11546 1969 -1
12273 9340 -1
12004 991 -1
10377 11520 -1
9619 11418 -1
13056 9661 -1
13056 10584 -1
8290 2752 -1
4463 1047 -1
5817 5816 1
1505 1504 1
4611 4612 1
7560 7562 1
7561 7562 1
5864 5865 1
6955 6954 1
6955 6953 1
6956 6953 1
6810 6807 1
6809 6807 1
10778 10777 1
8585 8578 1
8577 8580 1
8653 8650 1
8653 8652 1
8650 8651 1
8650 8652 1
6678 6677 1
9222 9223 1
12700 12702 1
12700 12703 1
12700 12701 1
12702 12703 1
12703 12701 1
11559 11554 1
11559 11556 1
11559 11555 1
11554 11553 1
11557 11553 1
881 880 1
6022 6021 1
2738 2739 1
4893 4895 1
4895 4896 1
3377 3376 1
6433 6434 1
6433 6435 1
6434 6435 1
9901 9903 1
9902 9903 1
9902 9904 1
12531 12530 1
8822 8823 1
8823 8821 1
8823 8820 1
12667 12664 1
12664 12668 1
12664 12665 1
12666 12665 1
12076 12077 1
4820 4818 1
4820 4819 1
9698 9690 1
9699 9702 1
9694 9696 1
9706 9704 1
9697 9690 1
9695 9702 1
5715 5713 1
5713 5714 1
2688 2689 1
4762 4764 1
12597 12594 1
12596 12593 1
11725 11724 1
1602 1601 1
2403 2405 1
4500 4501 1
1339 1337 1
1338 1337 1
6818 6820 1
6820 6817 1
6820 6819 1
8452 8451 1
8452 8453 1
7785 7784 1
7785 7786 1
4841 4842 1
4841 4840 1
4842 4840 1
4842 4843 1
101 100 1
9144 9155 1
9154 9156 1
9155 9148 1
9148 9151 1
9157 9149 1
2363 2361 1
2361 2364 1
12105 12106 1
12105 12104 1
10731 10729 1
10730 10729 1
12450 12451 1
5766 5767 1
5766 5765 1
5767 5765 1
4001 4002 1
2624 2622 1
12428 12426 1
12427 12426 1
12427 12429 1
12426 12429 1
10902 10899 1
10902 10901 1
10902 10903 1
10899 10898 1
10900 10898 1
10904 10898 1
843 844 1
8206 8203 1
10311 10312 1
3120 3126 1
3120 3125 1
3123 3119 1
3126 3122 1
3121 3119 1
3122 3119 1
6245 6244 1
6961 6959 1
6960 6962 1
6958 6959 1
3166 3165 1
9423 9422 1
6414 6416 1
6414 6412 1
11191 11190 1
4777 4776 1
4777 4778 1
4775 4776 1
4776 4778 1
12218 12219 1
8842 8841 1
4724 4730 1
4724 4725 1
4728 4729 1
4723 4730 1
4722 4725 1
6392 6393 1
8760 8761 1
12583 12585 1
12585 12584 1
13176 13175 1
6894 6895 1
11145 11146 1
6584 6586 1
6594 6586 1
6591 6589 1
10735 10736 1
13101 13100 1
13101 13099 1
9185 9184 1
12462 12461 1
13219 13222 1
13219 13224 1
13221 13226 1
13222 13224 1
13220 13225 1
13220 13223 1
13225 13224 1
7804 7803 1
10884 10883 1
8867 8868 1
4585 4584 1
2893 2894 1
11407 11408 1
11434 11436 1
11433 11432 1
11433 11435 1
11432 11436 1
11096 11095 1
6706 6705 1
11644 11643 1
7479 7480 1
2718 2721 1
2718 2720 1
2721 2719 1
2720 2719 1
7524 7523 1
7524 7525 1
7523 7525 1
12775 12774 1
10768 10764 1
10768 10762 1
10766 10770 1
829 830 1
3216 3217 1
8001 8002 1
3325 3323 1
3325 3324 1
3323 3324 1
11013 11012 1
11012 11009 1
4349 4350 1
8236 8237 1
623 621 1
618 617 1
618 622 1
618 619 1
8636 8637 1
4196 4197 1
1741 1743 1
1743 1740 1
1742 1740 1
1940 1939 1
1948 1949 1
1939 1953 1
1953 1944 1
1947 1943 1
6052 6051 1
6052 6050 1
6052 6049 1
6051 6050 1
7347 7348 1
7265 7266 1
1497 1496 1
1444 1443 1
2936 2935 1
12529 12528 1
12352 12350 1
12352 12351 1
12350 12351 1
4335 4336 1
4337 4334 1
4337 4336 1
10034 10035 1
11050 11051 1
11051 11052 1
12456 12457 1
8723 8729 1
8728 8721 1
9534 9532 1
9534 9524 1
9524 9526 1
9531 9528 1
11337 11339 1
2470 2468 1
2470 2467 1
2469 2468 1
2468 2467 1
11968 11967 1
2700 2699 1
7139 7138 1
1198 1197 1
7270 7269 1
10233 10234 1
3209 3210 1
180 178 1
8353 8352 1
8353 8351 1
5601 5602 1
5601 5603 1
5601 5600 1
5602 5603 1
7795 7796 1
11491 11492 1
7038 7039 1
11139 11134 1
11141 11140 1
11138 11142 1
11140 11134 1
10576 10577 1
5926 5925 1
5926 5924 1
5929 5930 1
5927 5930 1
5928 5931 1
12804 12803 1
4165 4164 1
2494 2503 1
2492 2504 1
2500 2512 1
2500 2505 1
2503 2511 1
2503 2504 1
2499 2505 1
2499 2507 1
2495 2511 1
7529 7528 1
11260 11261 1
8571 8570 1
8571 8572 1
363 362 1
364 362 1
12419 12420 1
7494 7497 1
7494 7495 1
7494 7496 1
7497 7495 1
7497 7496 1
7495 7496 1
2540 2539 1
1999 2000 1
1999 1998 1
2000 1998 1
12204 12205 1
12204 12206 1
7704 7707 1
7706 7707 1
8201 4539 -1
8201 5530 -1
1575 7695 -1
1575 6324 -1
8955 10870 -1
8955 134 -1
3064 8899 -1
5816 13076 -1
2684 10065 -1
1700 11912 -1
1700 3377 -1
10585 4895 -1
10585 7212 -1
4859 2936 -1
1504 3165 -1
11729 10870 -1
13170 1957 -1
10976 10534 -1
10976 1704 -1
8784 6284 -1
7560 12352 -1
7561 7453 -1
5864 3100 -1
5864 2930 -1
6953 2384 -1
4850 7269 -1
4850 12804 -1
12252 4778 -1
12252 2734 -1
12252 7410 -1
12252 6049 -1
8801 6961 -1
1576 3644 -1
1576 10735 -1
10777 1128 -1
10777 3119 -1
10777 4539 -1
7711 3856 -1
7711 11052 -1
12911 6386 -1
8581 4628 -1
8578 6895 -1
8652 6427 -1
6678 10736 -1
6678 6013 -1
6677 9422 -1
325 11411 -1
12702 4964 -1
12703 1669 -1
6567 11053 -1
7541 12484 -1
4426 1882 -1
11365 4200 -1
11554 4417 -1
11556 10362 -1
11555 9506 -1
4541 3908 -1
880 5707 -1
3971 8465 -1
8217 2692 -1
8217 8223 -1
6022 10622 -1
4825 10622 -1
4825 335 -1
4825 7863 -1
4825 3905 -1
4825 9867 -1
11524 4698 -1
908 7496 -1
2738 8434 -1
2739 6960 -1
4502 12221 -1
4895 11141 -1
3377 9639 -1
3377 157 -1
6435 8335 -1
9901 1133 -1
9904 9935 -1
3271 3131 -1
8199 9203 -1
8199 12791 -1
8199 2440 -1
5934 12448 -1
1673 6894 -1
1673 1669 -1
8965 8335 -1
8965 4451 -1
8965 12449 -1
8107 972 -1
8822 8206 -1
8821 10253 -1
5867 1704 -1
5867 5923 -1
7070 157 -1
12076 1695 -1
12077 11052 -1
12141 1695 -1
12141 5530 -1
12141 11333 -1
12141 5870 -1
8292 8899 -1
10592 10534 -1
10592 6127 -1
10152 3469 -1
2688 11643 -1
4762 1410 -1
11727 9209 -1
11727 8819 -1
4500 830 -1
1338 8636 -1
544 11231 -1
7749 7925 -1
7749 8466 -1
7749 941 -1
7749 11426 -1
6818 5801 -1
2458 9250 -1
2458 7529 -1
1397 3662 -1
3013 1285 -1
3013 9130 -1
533 8335 -1
533 8295 -1
533 12787 -1
10362 1853 -1
10362 7691 -1
2692 3928 -1
4671 232 -1
4671 296 -1
6992 925 -1
760 843 -1
6225 8285 -1
7834 8637 -1
12103 11123 -1
12106 4584 -1
11053 10228 -1
3375 8335 -1
12000 5571 -1
748 3131 -1
748 628 -1
4698 844 -1
12451 4856 -1
4209 12461 -1
4209 8196 -1
13173 7695 -1
10534 6804 -1
7069 1285 -1
5767 2384 -1
5794 3323 -1
3928 11436 -1
3928 9506 -1
3928 11013 -1
2676 7242 -1
6284 1924 -1
5544 11643 -1
12426 2469 -1
7242 3166 -1
7242 6895 -1
7925 11528 -1
8223 3908 -1
13045 4931 -1
10902 11013 -1
10905 3011 -1
844 5530 -1
8203 6651 -1
12484 7167 -1
1803 3380 -1
7167 4197 -1
10311 9506 -1
12006 9331 -1
3124 9049 -1
573 7172 -1
10622 2851 -1
10622 7706 -1
9203 823 -1
9203 8805 -1
9422 78 -1
10395 11965 -1
12071 11649 -1
5853 11958 -1
6415 1951 -1
6411 11968 -1
6414 12419 -1
774 11900 -1
1577 10025 -1
1577 3906 -1
8842 12352 -1
8841 296 -1
6285 10545 -1
6285 9029 -1
1133 11407 -1
1133 7691 -1
13076 2470 -1
8241 11931 -1
2734 8196 -1
8335 12840 -1
8335 8352 -1
4931 6386 -1
4723 11592 -1
10891 7870 -1
8188 5846 -1
6392 9506 -1
6393 12351 -1
971 8826 -1
971 8237 -1
971 11257 -1
11885 862 -1
2383 4907 -1
12840 1704 -1
8760 1951 -1
8761 8006 -1
8761 3011 -1
10962 3975 -1
10962 12420 -1
7854 11435 -1
7854 5568 -1
9049 7479 -1
1550 7622 -1
11649 2016 -1
11649 3993 -1
232 10490 -1
232 3993 -1
3906 582 -1
10310 11958 -1
10310 11042 -1
8006 2539 -1
862 9184 -1
7724 10490 -1
13101 8636 -1
1695 5571 -1
9184 2033 -1
2663 893 -1
2663 9253 -1
6804 2894 -1
6804 12502 -1
6804 8570 -1
577 11537 -1
7803 12449 -1
8867 11434 -1
1543 1036 -1
1543 3975 -1
3856 11643 -1
3856 1669 -1
4584 603 -1
11537 12787 -1
2893 12150 -1
2894 6574 -1
1816 11286 -1
1816 8819 -1
6906 8355 -1
6906 8899 -1
6906 12449 -1
11092 11012 -1
7144 1949 -1
7144 7931 -1
13054 3011 -1
11096 3908 -1
6013 9063 -1
11644 2033 -1
10490 11968 -1
7619 2033 -1
4658 7145 -1
4658 5571 -1
6574 11286 -1
134 12330 -1
5801 6931 -1
7691 9071 -1
12774 4434 -1
3216 9907 -1
3216 7347 -1
3216 12528 -1
11900 12529 -1
925 12419 -1
8462 178 -1
12791 11261 -1
4352 78 -1
1255 11528 -1
3905 12425 -1
8792 78 -1
2851 179 -1
4417 12527 -1
3993 11426 -1
8904 157 -1
2935 7751 -1
377 11453 -1
8896 4391 -1
12659 12573 -1
11333 7171 -1
929 10066 -1
7870 4808 -1
6931 11967 -1
5571 4391 -1
11623 3208 -1
11623 11491 -1
7270 7751 -1
1036 8285 -1
6243 12206 -1
11137 1268 -1
2776 2449 -1
7171 12204 -1
7149 7147 1
7150 7147 1
12208 12209 1
11103 11099 1
11103 11101 1
5882 5881 1
8685 8659 1
8681 8670 1
8681 8689 1
8680 8693 1
8671 8666 1
7501 7500 1
7502 7500 1
7502 7503 1
10026 10027 1
6785 6782 1
6791 6784 1
6782 6784 1
8733 8735 1
8733 8732 1
12091 12092 1
528 530 1
13132 13133 1
9031 9034 1
9031 9032 1
9034 9033 1
9032 9033 1
10631 10629 1
10631 10633 1
10631 10634 1
10633 10634 1
3128 3127 1
4204 4205 1
3995 3994 1
11636 11635 1
11896 11895 1
7694 7693 1
6097 6096 1
10775 10774 1
5834 5835 1
8370 8374 1
8368 8371 1
8374 8372 1
8367 8375 1
8375 8371 1
5595 5596 1
5595 5594 1
5597 5594 1
5596 5598 1
11666 11667 1
7387 7388 1
7385 7386 1
4546 4544 1
12189 12190 1
12191 12192 1
5528 5526 1
5527 5526 1
1714 1710 1
1709 1720 1
1709 1707 1
1717 1718 1
1707 1713 1
1718 1711 1
2878 2876 1
2879 2877 1
295 293 1
295 294 1
293 294 1
1978 1977 1
3574 3575 1
3761 3762 1
11118 11117 1
10674 10673 1
12474 12478 1
12477 12475 1
12475 12479 1
12473 12479 1
12473 12476 1
1276 1274 1
1274 1277 1
1274 1273 1
956 957 1
955 957 1
502 503 1
3460 3459 1
3458 3459 1
3458 3456 1
3459 3456 1
13080 13079 1
9826 9806 1
9760 9811 1
9737 9779 1
9816 9820 1
9752 9813 1
12440 12441 1
12439 12441 1
12441 12442 1
9670 9669 1
9670 9671 1
9669 9671 1
4449 4450 1
4449 4448 1
4450 4447 1
4448 4447 1
5939 5940 1
5939 5972 1
5939 5971 1
5940 5946 1
5962 5948 1
5941 5966 1
5964 5965 1
5963 5965 1
11329 11331 1
11329 11330 1
11331 11332 1
11331 11330 1
13192 13193 1
12825 12826 1
12827 12826 1
9325 9320 1
8951 8948 1
8949 8948 1
5587 5586 1
5584 5586 1
5584 5585 1
5586 5585 1
12800 12799 1
11178 11176 1
11176 11175 1
11176 11180 1
11175 11179 1
10647 10643 1
10645 10649 1
6255 6254 1
10793 10791 1
10793 10792 1
9549 9551 1
9550 9551 1
3172 3179 1
3172 3181 1
3179 3175 1
3177 3181 1
3181 3180 1
372 374 1
372 373 1
374 373 1
3079 3081 1
3082 3081 1
12820 12819 1
859 858 1
4482 4481 1
4482 4480 1
4481 4479 1
4480 4479 1
4555 4556 1
4555 4557 1
4556 4557 1
948 949 1
947 949 1
10720 10721 1
10722 10721 1
9459 9460 1
9459 9458 1
9460 9458 1
10540 10536 1
10537 10538 1
10538 10539 1
12588 12586 1
12588 12587 1
1732 1733 1
9270 9269 1
9270 9268 1
7402 7403 1
120 119 1
12432 12433 1
2514 2513 1
7430 7428 1
7437 7431 1
7421 7415 1
2620 2619 1
2620 2618 1
1423 1425 1
1425 1424 1
6057 6055 1
8182 8181 1
4193 4192 1
4193 4194 1
1769 1771 1
1769 1768 1
1768 1770 1
13186 13185 1
8293 8294 1
9479 9477 1
9479 9478 1
9479 9480 1
9477 9478 1
9477 9481 1
9477 9480 1
9481 9480 1
2407 2408 1
8615 8623 1
8614 8621 1
1121 1122 1
1121 1123 1
1123 1120 1
2479 2480 1
8288 8287 1
8288 8289 1
8287 8289 1
12446 12444 1
12445 12444 1
12444 12447 1
6176 6177 1
4189 4190 1
12550 12549 1
12552 12549 1
9996 9995 1
9996 9994 1
6824 6825 1
12147 12146 1
3 4 1
2716 2714 1
2716 2715 1
2717 2715 1
8824 8825 1
9208 9205 1
9208 9206 1
9207 9206 1
3227 3229 1
3226 3228 1
3228 3230 1
495 496 1
11087 11089 1
11088 11089 1
9072 9073 1
819 820 1
5787 5789 1
5788 5785 1
5788 5786 1
1793 1792 1
1792 1794 1
1792 1791 1
1794 1791 1
159 158 1
4975 4974 1
10246 10245 1
1654 1646 1
1654 1644 1
1652 1644 1
9682 9684 1
9685 9683 1
9685 9684 1
9683 9684 1
6659 6657 1
6656 6658 1
4882 4883 1
4256 4255 1
11535 11532 1
11535 11533 1
11532 11533 1
11534 11536 1
3999 3998 1
4424 4421 1
8718 8716 1
8716 8717 1
9928 9927 1
9928 9929 1
4369 4366 1
4369 4367 1
4369 4368 1
4369 4365 1
4366 4368 1
965 964 1
965 963 1
1573 1574 1
10590 10591 1
562 563 1
9230 9229 1
9230 9228 1
9229 9228 1
12386 12387 1
12511 12507 1
12509 12504 1
12508 12504 1
4345 4346 1
6601 6599 1
6601 6600 1
10999 10998 1
11001 11000 1
11513 11497 1
11513 11515 1
11513 11516 1
11594 11595 1
11598 11597 1
11597 11596 1
11595 11596 1
7073 7072 1
796 798 1
796 797 1
797 802 1
10754 12610 -1
10754 8634 -1
12209 11159 -1
11103 6129 -1
3294 4557 -1
1604 11406 -1
11171 9791 -1
11171 12008 -1
11171 1793 -1
11171 2459 -1
5764 9897 -1
5764 3909 -1
5764 6129 -1
10122 1732 -1
7798 9229 -1
1058 11929 -1
2628 287 -1
2628 3085 -1
2628 2017 -1
10026 8885 -1
10027 11636 -1
11246 6766 -1
11246 8348 -1
11246 5700 -1
6793 6537 -1
6789 4204 -1
9236 8045 -1
4542 4597 -1
4542 9041 -1
4542 6057 -1
4542 7072 -1
12642 10250 -1
12642 9682 -1
7162 6564 -1
7162 1313 -1
7162 6042 -1
8733 506 -1
8733 6015 -1
2337 5842 -1
2337 12927 -1
6830 8274 -1
755 9119 -1
755 3084 -1
306 10015 -1
306 4684 -1
3199 1202 -1
4829 7253 -1
12091 9915 -1
12091 1392 -1
12091 11327 -1
287 7855 -1
287 6657 -1
529 7344 -1
4683 11118 -1
4683 11892 -1
4683 8454 -1
13132 819 -1
3128 6582 -1
3128 8045 -1
3127 3725 -1
4205 10793 -1
8170 6988 -1
7950 8426 -1
7950 7092 -1
11929 8456 -1
12274 12366 -1
12274 8198 -1
12274 9838 -1
11031 6824 -1
10746 11214 -1
10746 2703 -1
10746 9073 -1
1830 1539 -1
1830 3571 -1
3142 8426 -1
3142 4190 -1
11635 13193 -1
11896 6248 -1
6766 556 -1
6766 3059 -1
7694 2017 -1
6113 1603 -1
10101 10792 -1
6010 10849 -1
6097 3084 -1
6096 1603 -1
6439 7837 -1
11334 4555 -1
3111 6011 -1
506 6079 -1
9897 9272 -1
9897 9074 -1
922 12640 -1
10774 12522 -1
2450 5709 -1
290 6080 -1
290 1793 -1
471 8609 -1
7802 7205 -1
5834 2513 -1
5836 917 -1
8467 818 -1
8368 9224 -1
8369 8224 -1
5593 11673 -1
1202 7509 -1
11666 8275 -1
7384 12777 -1
11276 4 -1
11277 4000 -1
10131 9271 -1
12816 10313 -1
7253 8716 -1
4392 12146 -1
4392 3065 -1
4546 135 -1
11063 1073 -1
6020 159 -1
10100 5528 -1
10100 7169 -1
532 2878 -1
532 4235 -1
12640 917 -1
12192 3065 -1
6078 9224 -1
3909 6387 -1
3909 9628 -1
10580 9241 -1
10580 7454 -1
8966 8198 -1
8966 11712 -1
8966 11088 -1
2879 11117 -1
295 3575 -1
1978 10539 -1
3405 6079 -1
3009 12424 -1
8884 9019 -1
11225 1525 -1
3575 311 -1
3761 898 -1
3761 3901 -1
3762 7351 -1
9542 8045 -1
11118 7305 -1
10673 11673 -1
4811 3901 -1
1276 12817 -1
9272 8409 -1
2434 5587 -1
4757 10371 -1
4757 4192 -1
12592 12826 -1
11713 633 -1
9647 5789 -1
503 4479 -1
503 9462 -1
6636 1251 -1
6635 9551 -1
7565 8426 -1
10861 7169 -1
10860 4347 -1
286 6653 -1
286 9109 -1
3934 1119 -1
898 3084 -1
3456 5587 -1
7211 7725 -1
12441 9270 -1
12441 6176 -1
12929 291 -1
12929 4566 -1
10006 7344 -1
12366 2012 -1
1394 2386 -1
4449 3384 -1
4450 12468 -1
2774 12164 -1
10151 9967 -1
369 11449 -1
7256 4480 -1
11331 11215 -1
7725 10015 -1
13193 6653 -1
12825 10344 -1
8949 858 -1
11920 10103 -1
8747 2958 -1
12639 5883 -1
12639 1609 -1
11892 10313 -1
11179 5842 -1
10643 3219 -1
11084 10112 -1
11084 337 -1
6949 11600 -1
12814 947 -1
8200 1119 -1
6248 9659 -1
6254 4485 -1
234 5790 -1
5883 8198 -1
5883 11712 -1
5883 10366 -1
10791 3543 -1
2529 7855 -1
8885 373 -1
8885 2012 -1
372 6622 -1
12523 2459 -1
490 9628 -1
3081 10749 -1
1241 159 -1
4844 633 -1
12820 820 -1
11427 724 -1
10443 9659 -1
10443 7709 -1
719 6561 -1
8354 8008 -1
11684 10536 -1
11684 1251 -1
9210 1119 -1
4556 9680 -1
6582 7215 -1
6582 9074 -1
947 5790 -1
2032 2958 -1
10721 7169 -1
6525 10246 -1
1979 1770 -1
6653 243 -1
1603 8181 -1
6537 4000 -1
1733 7169 -1
3543 11712 -1
9238 6387 -1
9268 7163 -1
10019 8288 -1
10019 11238 -1
120 4439 -1
119 3138 -1
10749 9202 -1
10749 12510 -1
8763 9928 -1
9116 13105 -1
9680 819 -1
7837 5790 -1
10344 733 -1
2514 8294 -1
2513 311 -1
2618 6731 -1
9251 10923 -1
5790 8621 -1
1423 3138 -1
9119 1724 -1
3571 277 -1
9224 887 -1
7244 9271 -1
6080 215 -1
9479 10069 -1
5700 12610 -1
5700 158 -1
7215 2481 -1
11600 864 -1
2481 4699 -1
6928 1791 -1
6176 12805 -1
4189 10446 -1
9995 4566 -1
3059 2459 -1
7092 6656 -1
7092 11596 -1
11480 12085 -1
11480 8903 -1
337 10069 -1
3085 4652 -1
2735 8454 -1
2451 6658 -1
11088 1724 -1
1609 4755 -1
3164 1251 -1
7130 2012 -1
7130 9396 -1
1119 3901 -1
1794 12155 -1
8903 6731 -1
242 2392 -1
159 9684 -1
10246 6731 -1
1654 1574 -1
6079 733 -1
8224 11495 -1
8409 3998 -1
3901 9228 -1
9202 1461 -1
9967 4347 -1
9628 10543 -1
12927 6042 -1
4346 7072 -1
6696 6695 1
744 743 1
9895 9896 1
8175 8176 1
13164 13165 1
12334 12332 1
12334 12331 1
12334 12333 1
12332 12331 1
10477 10478 1
1094 1095 1
1098 1097 1
10467 10462 1
10476 10474 1
10466 10462 1
10470 10462 1
10474 10475 1
11683 11682 1
12263 12264 1
8380 8386 1
4153 4152 1
3709 3710 1
8983 8984 1
7219 7220 1
13096 13091 1
6036 6035 1
3169 3168 1
4887 4886 1
7457 7459 1
7456 7459 1
2989 2986 1
2987 2988 1
2990 2988 1
2929 2928 1
10207 10208 1
1252 1253 1
5636 5639 1
5638 5637 1
5640 5637 1
4568 4567 1
4568 4570 1
4567 4570 1
8212 8211 1
8209 8210 1
1447 1445 1
1447 1446 1
1445 1446 1
11954 11953 1
12886 12885 1
12887 12885 1
8971 8970 1
1607 1605 1
188 189 1
2013 2014 1
4043 4045 1
4055 4035 1
4077 4104 1
7860 7859 1
2341 2343 1
2466 2463 1
2463 2465 1
5885 5886 1
5655 5656 1
355 356 1
355 354 1
356 354 1
9632 9631 1
209 208 1
209 210 1
10436 10435 1
12934 12933 1
1408 1409 1
9583 9562 1
9583 9582 1
9559 9596 1
8838 8839 1
6259 6261 1
6259 6260 1
3150 3149 1
3150 3151 1
13204 13203 1
8298 8297 1
13155 13153 1
3281 3279 1
3285 3284 1
3285 3278 1
11973 11972 1
11877 11879 1
11877 11878 1
11081 11079 1
11075 11077 1
8472 8474 1
12018 12019 1
2971 2969 1
7293 7295 1
7297 7300 1
7289 7287 1
9383 9387 1
1537 1534 1
12621 12620 1
13002 13019 1
12982 13010 1
12997 13026 1
12991 12992 1
12992 13012 1
13023 12988 1
13022 12980 1
11256 11255 1
5611 5612 1
5611 5609 1
5610 5626 1
6721 6720 1
7547 7548 1
7546 7548 1
9844 9843 1
8179 8180 1
4718 4719 1
4716 4717 1
4719 4717 1
3250 3249 1
2322 2330 1
2322 2324 1
2330 2323 1
2327 2324 1
2327 2325 1
2329 2326 1
1111 1112 1
3075 3077 1
3075 3076 1
8157 8168 1
8143 8139 1
8148 8160 1
6709 6708 1
2030 2031 1
11058 11059 1
6467 6466 1
10886 10887 1
12414 12413 1
12282 12281 1
12279 12281 1
2278 2299 1
476 475 1
1617 1618 1
1617 1619 1
1616 1619 1
986 987 1
11979 11980 1
706 712 1
706 718 1
710 696 1
12393 12394 1
12391 12394 1
12391 12390 1
12394 12390 1
386 385 1
7754 7755 1
3772 3771 1
10618 10621 1
478 479 1
3447 3448 1
6373 6375 1
6375 6372 1
6374 6372 1
6374 6371 1
8875 8879 1
8878 8879 1
3335 3356 1
3335 3362 1
3353 3344 1
3331 3374 1
3342 3366 1
3372 3341 1
3369 3341 1
2520 2519 1
2519 2518 1
6625 6626 1
7626 7627 1
1766 1765 1
6403 6405 1
6406 6400 1
6409 6399 1
6409 6402 1
6399 6405 1
6399 6402 1
6405 6402 1
9391 9392 1
4216 4214 1
4215 4214 1
6070 6074 1
4419 4420 1
7026 7019 1
7026 7034 1
7031 7030 1
7019 7022 1
1406 1405 1
7137 7135 1
7135 7133 1
12652 12655 1
12650 12651 1
12654 12653 1
11184 11182 1
11182 11181 1
1018 1017 1
1016 1015 1
1016 1017 1
6628 6629 1
784 790 1
784 788 1
784 787 1
11488 11490 1
7086 7087 1
9946 9945 1
9373 9372 1
4938 4937 1
7623 7624 1
3461 3462 1
4881 4879 1
12179 12178 1
12176 12177 1
12177 12178 1
9344 9342 1
9342 9343 1
9342 9341 1
7469 7468 1
4283 4272 1
4260 4262 1
13141 13143 1
12628 12626 1
12632 12633 1
12632 12627 1
12634 12627 1
217 219 1
224 220 1
227 226 1
219 220 1
12912 12913 1
11699 11700 1
11902 11901 1
10055 10056 1
9121 9122 1
12238 12244 1
12244 12240 1
9262 9261 1
7997 7967 1
6700 6703 1
6701 6702 1
6758 6759 1
13231 13230 1
13232 13230 1
11222 11223 1
10256 10257 1
1321 1320 1
1076 1077 1
776 775 1
1316 1315 1
1316 1317 1
1315 1317 1
6008 6005 1
11467 11473 1
11474 11469 1
11471 11468 1
11468 11465 1
6730 6729 1
13084 13083 1
978 980 1
980 979 1
979 977 1
11372 11371 1
11301 11300 1
11299 11300 1
9012 9013 1
12196 12197 1
8631 8630 1
6432 6431 1
2532 2535 1
1282 1283 1
6383 6379 1
7003 7007 1
3466 3467 1
9711 9713 1
9717 9712 1
9717 9714 1
9716 9712 1
3966 3968 1
3968 3967 1
3790 3797 1
3797 3792 1
9471 9468 1
9471 9472 1
11018 11017 1
11017 11019 1
3640 3638 1
3640 3639 1
3638 3639 1
678 662 1
636 654 1
13103 13102 1
3414 3411 1
6000 6002 1
5998 6002 1
6618 1860 -1
12735 11300 -1
1164 3746 -1
9345 5671 -1
9345 2968 -1
9345 11901 -1
9896 9204 -1
472 10232 -1
4590 12620 -1
10409 11576 -1
10409 2031 -1
10409 7338 -1
10409 7869 -1
10409 1075 -1
779 6428 -1
779 3796 -1
4230 10574 -1
10422 12672 -1
9254 7869 -1
4783 4486 -1
4783 398 -1
4783 11056 -1
12332 6038 -1
12811 7849 -1
12811 5669 -1
3163 11116 -1
3163 5906 -1
10748 12684 -1
10748 9993 -1
10748 3399 -1
1095 13201 -1
1096 3268 -1
1096 12934 -1
3268 1419 -1
11683 5669 -1
12263 12097 -1
12264 11116 -1
8395 1788 -1
10231 3540 -1
1284 1015 -1
4153 7455 -1
3709 4583 -1
3709 9621 -1
3710 13180 -1
10124 8983 -1
7168 6438 -1
7168 7949 -1
7168 5669 -1
9679 1545 -1
609 385 -1
10005 10038 -1
12944 2452 -1
12944 5656 -1
12202 12726 -1
12075 6645 -1
4810 1407 -1
5546 11576 -1
5546 182 -1
7491 6374 -1
7491 226 -1
7491 878 -1
3168 3776 -1
2553 3394 -1
12405 8569 -1
4888 1110 -1
7459 1075 -1
2986 5822 -1
8709 6619 -1
8709 9373 -1
13210 1578 -1
8091 13148 -1
8091 11372 -1
3926 4602 -1
3926 9112 -1
6135 11222 -1
5637 1607 -1
5637 11314 -1
1860 3399 -1
1860 11056 -1
2452 12180 -1
4567 897 -1
4570 6720 -1
193 7018 -1
3415 9471 -1
8336 11580 -1
12809 10176 -1
12809 12412 -1
1447 7080 -1
3854 1306 -1
11954 5622 -1
11954 1788 -1
6619 11300 -1
9007 9194 -1
12885 6293 -1
8971 4486 -1
6553 7170 -1
9841 2962 -1
10314 13143 -1
8979 12912 -1
11363 11879 -1
732 10798 -1
190 1315 -1
191 2698 -1
187 9346 -1
1158 1111 -1
4963 543 -1
2013 4814 -1
2014 5769 -1
10988 6720 -1
10387 9926 -1
5887 1306 -1
5887 11255 -1
5887 667 -1
4602 6065 -1
10406 13131 -1
10406 3481 -1
10406 6645 -1
10406 11373 -1
10406 531 -1
10967 847 -1
7856 4213 -1
13131 2519 -1
2346 12240 -1
2465 12685 -1
10304 279 -1
5885 9613 -1
5886 9987 -1
5886 1282 -1
5655 9926 -1
11447 1414 -1
4946 12810 -1
13191 6721 -1
13191 10056 -1
354 121 -1
9631 9341 -1
3481 9112 -1
7105 9391 -1
7105 6370 -1
12684 7346 -1
12726 3135 -1
12726 9471 -1
7202 11288 -1
6291 6183 -1
12934 11452 -1
11672 9391 -1
11314 12663 -1
11314 7913 -1
6192 3251 -1
6192 6293 -1
6192 11452 -1
9120 555 -1
8779 8149 -1
4342 12178 -1
4342 9122 -1
1590 3771 -1
1590 543 -1
3476 7755 -1
3476 5694 -1
3476 1706 -1
6038 543 -1
8838 6626 -1
9926 3455 -1
1163 8956 -1
1162 12195 -1
6260 7752 -1
1110 10798 -1
3151 12421 -1
13201 6293 -1
1462 10417 -1
13157 6625 -1
10582 2668 -1
1929 3076 -1
1929 773 -1
11972 1075 -1
11879 9198 -1
11075 4780 -1
9992 776 -1
9346 1537 -1
9346 4274 -1
12024 5620 -1
11187 9295 -1
12019 3394 -1
1395 3136 -1
279 12025 -1
279 1077 -1
2971 3086 -1
4163 12373 -1
1857 10887 -1
4551 12452 -1
4551 12663 -1
11563 13231 -1
12620 6250 -1
253 11062 -1
403 2668 -1
5664 7997 -1
1105 396 -1
10359 7844 -1
6580 13103 -1
1286 773 -1
6776 5868 -1
9843 4191 -1
9931 12629 -1
11157 5769 -1
11157 7869 -1
1407 776 -1
6637 9194 -1
11576 4234 -1
8007 3144 -1
2667 7086 -1
6708 9987 -1
2031 8808 -1
11058 4917 -1
11058 7844 -1
1544 13180 -1
10886 7081 -1
7346 918 -1
4199 5588 -1
4199 9126 -1
9194 11290 -1
9194 1788 -1
9194 6729 -1
4553 8898 -1
396 3394 -1
11062 6729 -1
6250 13141 -1
6250 11994 -1
6250 615 -1
12392 4877 -1
12452 12421 -1
1928 11008 -1
1928 2484 -1
12662 4663 -1
7754 11902 -1
3770 1706 -1
3772 12421 -1
10617 2420 -1
2488 1320 -1
479 1331 -1
7090 1788 -1
7090 1048 -1
399 1405 -1
10232 13103 -1
2519 4216 -1
1160 7623 -1
9244 10316 -1
6625 492 -1
6625 3792 -1
7338 10556 -1
777 12632 -1
777 3455 -1
4639 12421 -1
4638 13145 -1
9461 10221 -1
10221 4166 -1
555 11665 -1
9391 3251 -1
8299 832 -1
7533 8707 -1
12810 8631 -1
842 615 -1
10447 11901 -1
10316 12780 -1
7034 10906 -1
9351 7844 -1
1406 9944 -1
7133 1076 -1
5810 12645 -1
11580 3482 -1
12650 11290 -1
6628 12180 -1
773 11223 -1
8898 11901 -1
7087 11901 -1
1331 8233 -1
1331 3789 -1
7091 3462 -1
7091 5669 -1
7091 5668 -1
4879 4166 -1
2698 7949 -1
7869 1048 -1
13142 1316 -1
13144 6523 -1
11458 13231 -1
12780 12649 -1
9121 5906 -1
7081 11056 -1
8233 5668 -1
3251 3793 -1
4184 1317 -1
4184 5999 -1
2391 12348 -1
6701 3482 -1
4166 2767 -1
6293 13145 -1
5841 4662 -1
10980 984 -1
918 1048 -1
8029 11452 -1
13102 6370 -1
8815 8818 1
8818 8816 1
8817 8816 1
6362 6361 1
6362 6365 1
6361 6359 1
5607 5608 1
848 849 1
2804 2794 1
2792 2826 1
2801 2789 1
2810 2816 1
2825 2826 1
2809 2805 1
2795 2789 1
8655 8654 1
6239 6240 1
8752 8751 1
12466 12465 1
4615 4614 1
4615 4613 1
4614 4613 1
4614 4616 1
1875 1876 1
1872 1877 1
1531 1529 1
1529 1528 1
12842 12841 1
1840 1842 1
1840 1841 1
1839 1841 1
1842 1841 1
1838 1841 1
7014 7013 1
7017 7013 1
7015 7012 1
11212 11213 1
4919 4920 1
614 611 1
611 610 1
612 610 1
4394 4397 1
4396 4393 1
4396 4395 1
4397 4395 1
4903 4902 1
4903 4904 1
4901 4902 1
2841 2842 1
12553 12554 1
13140 13139 1
3041 3040 1
3287 3288 1
12162 12161 1
11325 11326 1
12557 12558 1
8328 8329 1
4483 4484 1
8964 8962 1
7680 7679 1
465 464 1
465 467 1
469 470 1
2883 2885 1
2883 2884 1
2885 2884 1
7748 7747 1
303 304 1
12083 12081 1
12082 12084 1
1980 1981 1
7686 7685 1
2371 2368 1
2368 2370 1
2368 2372 1
10255 10254 1
2938 2939 1
2938 2946 1
2939 2947 1
2939 2943 1
9279 9280 1
3443 3425 1
3442 3441 1
8767 8766 1
8769 8766 1
6972 6982 1
6976 6965 1
6977 6985 1
2527 2526 1
5564 5566 1
5564 5565 1
5566 5565 1
3116 3117 1
12622 12624 1
9977 9975 1
9980 9979 1
9980 9984 1
13112 13111 1
1188 1189 1
8433 8432 1
1559 1556 1
1569 1563 1
1557 1556 1
1564 1566 1
1564 1553 1
12079 12078 1
11714 11715 1
11346 11347 1
11345 11359 1
11359 11356 1
11357 11353 1
12115 12114 1
12115 12113 1
6937 6938 1
5557 5556 1
3472 3473 1
968 969 1
3189 3188 1
6334 6342 1
6339 6342 1
6339 6347 1
6351 6350 1
6348 6336 1
7368 7355 1
7363 7357 1
7363 7360 1
7354 7356 1
7365 7358 1
8749 8748 1
2022 2027 1
2022 2021 1
2025 2020 1
2020 2026 1
11048 11046 1
11048 11044 1
11044 11047 1
8031 8030 1
12313 12316 1
12313 12318 1
12315 12316 1
12319 12317 1
5537 5536 1
5537 5535 1
5536 5535 1
926 927 1
12680 12679 1
8116 8119 1
8118 8119 1
11939 11938 1
11939 11940 1
6394 6395 1
10667 10666 1
10667 10665 1
10664 10666 1
10666 10665 1
7903 7904 1
6047 6046 1
6046 6045 1
6476 6471 1
6477 6479 1
6477 6472 1
6477 6474 1
8012 8013 1
9540 9541 1
12974 12973 1
12975 12973 1
1885 1897 1
1892 1891 1
1895 1888 1
1895 1893 1
1893 1887 1
6156 6155 1
6156 6154 1
5591 5592 1
2542 2543 1
2542 2541 1
2543 2541 1
6770 6769 1
6771 6769 1
6272 6269 1
10347 10348 1
1656 1657 1
1656 1659 1
1660 1658 1
1660 1657 1
1658 1659 1
1657 1659 1
11316 11319 1
11316 11321 1
11319 11320 1
11321 11318 1
11320 11317 1
4673 4672 1
3096 3097 1
11028 11027 1
7883 7881 1
7881 7879 1
7884 7882 1
4457 4456 1
9327 9329 1
11566 11567 1
3757 3756 1
8773 8772 1
12674 12673 1
3382 3381 1
12895 12898 1
12895 12894 1
12895 12896 1
12898 12894 1
12894 12896 1
12896 12897 1
6743 6744 1
6749 6750 1
6751 6754 1
6757 6756 1
3224 3221 1
3221 3223 1
3221 3222 1
1151 1152 1
9665 9664 1
12609 12608 1
7573 7571 1
7571 7569 1
2881 2882 1
2880 2882 1
10483 10482 1
12224 12223 1
12225 12223 1
11668 11669 1
10134 10136 1
10135 10132 1
10135 10136 1
7832 7833 1
8857 8858 1
8857 8860 1
8857 8859 1
8860 8859 1
7700 7701 1
7702 7701 1
3160 3162 1
3160 3161 1
3162 3161 1
2473 2474 1
4445 4443 1
4445 4444 1
4446 4441 1
2740 2741 1
4510 4509 1
1992 1993 1
9312 9311 1
9306 9307 1
163 162 1
12153 12154 1
4250 4249 1
10440 10439 1
4372 4373 1
4372 4371 1
4373 4371 1
2570 2562 1
2557 2567 1
2581 2578 1
2562 2564 1
7232 7233 1
7232 7224 1
7231 7227 1
7233 7229 1
7233 7234 1
7227 7228 1
1249 1250 1
9872 9873 1
9873 9874 1
6145 6146 1
4924 4922 1
4924 4921 1
4925 4921 1
4925 4923 1
12888 12889 1
8468 8469 1
10325 10324 1
10325 10322 1
10325 10323 1
10322 10323 1
7394 7395 1
6609 6608 1
5798 5799 1
5798 5797 1
9953 9956 1
9955 9957 1
9954 9956 1
6829 6827 1
6826 6828 1
6827 6828 1
1061 1060 1
4803 4788 1
11634 11633 1
8243 8248 1
8248 8246 1
8244 8246 1
1570 1571 1
2659 2658 1
6914 10060 -1
6914 9548 -1
6914 4250 -1
12589 8218 -1
11126 266 -1
11125 9965 -1
7308 12161 -1
7308 9665 -1
3182 8433 -1
3182 9258 -1
3182 1541 -1
3182 12153 -1
3182 8171 -1
10637 3910 -1
13124 2659 -1
10060 1249 -1
6222 8816 -1
6222 7742 -1
1614 163 -1
1614 9873 -1
8815 5665 -1
8818 8973 -1
8818 13032 -1
8817 1494 -1
11167 1521 -1
4785 752 -1
3972 3039 -1
3972 7545 -1
3972 7391 -1
6365 7146 -1
6556 3436 -1
12385 1879 -1
9548 1521 -1
849 11599 -1
6538 1904 -1
1923 13177 -1
4586 1570 -1
1815 6146 -1
7556 10305 -1
7556 304 -1
8829 11367 -1
309 12108 -1
5856 6181 -1
498 3222 -1
8655 12625 -1
8654 9667 -1
1925 12384 -1
7742 3186 -1
2536 7918 -1
4582 6773 -1
4582 969 -1
1256 6448 -1
2706 6569 -1
1494 11715 -1
3907 11224 -1
9667 7100 -1
9645 11213 -1
9645 5912 -1
6900 4497 -1
9358 7602 -1
7564 12973 -1
2439 3857 -1
2439 6770 -1
7159 8751 -1
9018 1993 -1
13182 6076 -1
375 12519 -1
375 7887 -1
6624 1727 -1
6624 1615 -1
2964 10407 -1
4616 10434 -1
1530 6145 -1
1527 12898 -1
6125 1930 -1
6125 1903 -1
6125 11321 -1
6125 6426 -1
2966 5689 -1
1053 161 -1
1839 3986 -1
1838 6913 -1
4605 10260 -1
4605 9201 -1
1727 1904 -1
2683 1615 -1
13177 8119 -1
4289 8005 -1
4289 2984 -1
7015 3041 -1
1879 9964 -1
11213 8981 -1
7243 9664 -1
13077 11348 -1
10305 6437 -1
432 4511 -1
432 9709 -1
1501 9020 -1
1501 4631 -1
1501 6369 -1
12356 9965 -1
12798 8981 -1
12798 6468 -1
12235 9960 -1
4394 3986 -1
920 9865 -1
920 12896 -1
920 6218 -1
920 3160 -1
1960 7146 -1
1960 10482 -1
4902 7914 -1
2842 12561 -1
2842 8030 -1
2842 4792 -1
5689 3254 -1
12554 7478 -1
8034 1678 -1
8033 12558 -1
8033 2885 -1
13140 5565 -1
13140 1660 -1
3040 4600 -1
4600 11161 -1
12162 9865 -1
12163 1670 -1
11021 1199 -1
307 9348 -1
1493 13041 -1
7478 10255 -1
7478 4578 -1
249 10227 -1
10416 9665 -1
10686 4467 -1
10686 376 -1
10686 2473 -1
7519 6771 -1
5985 6395 -1
8329 3198 -1
12568 6913 -1
12283 11410 -1
10921 8218 -1
10921 11049 -1
6773 6155 -1
6773 12349 -1
2883 1319 -1
2883 7089 -1
3068 3220 -1
303 6822 -1
304 1131 -1
7685 8889 -1
2371 7726 -1
2369 10348 -1
8973 4643 -1
6822 5547 -1
6822 6473 -1
10433 1801 -1
8783 12679 -1
8783 12836 -1
2948 12237 -1
8870 13032 -1
9279 915 -1
9280 926 -1
9280 3454 -1
5665 1884 -1
5665 4506 -1
9865 8812 -1
7488 7904 -1
10394 5843 -1
10394 10219 -1
8767 12608 -1
8766 1903 -1
4983 6569 -1
9960 2432 -1
7690 3096 -1
8005 1152 -1
10017 1898 -1
3986 1984 -1
8239 2838 -1
8239 11041 -1
8239 163 -1
3726 1912 -1
12623 9943 -1
10434 6394 -1
10514 12836 -1
10514 8857 -1
9259 6918 -1
7726 4511 -1
7726 8259 -1
12415 8897 -1
4251 9274 -1
11153 1884 -1
494 7572 -1
13111 1426 -1
10227 7899 -1
4911 10297 -1
4911 6639 -1
10687 7355 -1
10687 10260 -1
10687 1678 -1
10432 9952 -1
10432 11566 -1
10660 4720 -1
8035 1521 -1
9455 13198 -1
9455 6145 -1
7914 12890 -1
11357 9911 -1
11348 5843 -1
9965 7883 -1
12114 7567 -1
12113 156 -1
12113 12483 -1
6937 4830 -1
6938 1131 -1
5556 1249 -1
3560 7048 -1
269 8119 -1
269 12483 -1
968 7538 -1
3950 3711 -1
12625 9973 -1
10247 2426 -1
7368 6145 -1
8749 1898 -1
2022 8171 -1
8030 10325 -1
7309 3756 -1
2432 4865 -1
3645 8362 -1
10260 13178 -1
6569 11599 -1
1903 8431 -1
1146 1199 -1
1521 751 -1
12679 12890 -1
4210 1871 -1
8112 12604 -1
8112 7048 -1
491 8118 -1
6638 266 -1
7903 7345 -1
9028 9348 -1
4709 10297 -1
595 4578 -1
1891 12223 -1
4631 12836 -1
1330 8757 -1
6652 7089 -1
539 7545 -1
9042 5912 -1
6219 9313 -1
11629 1871 -1
1790 7569 -1
1790 2658 -1
12108 11959 -1
11884 7114 -1
11884 723 -1
1656 1319 -1
1656 12278 -1
7194 9348 -1
6913 8171 -1
4935 9546 -1
1912 7394 -1
946 10986 -1
4956 10544 -1
10327 7089 -1
4457 6468 -1
3945 9003 -1
8772 3381 -1
7146 7391 -1
7146 6231 -1
2772 5545 -1
4885 894 -1
4885 4248 -1
1427 1984 -1
13198 11041 -1
4957 7887 -1
4957 9943 -1
2882 9273 -1
5843 9201 -1
5843 7048 -1
8447 509 -1
7114 10541 -1
8981 504 -1
9201 509 -1
266 12483 -1
7832 5545 -1
1426 3162 -1
2426 3183 -1
9513 10829 -1
10541 12116 -1
627 629 -1
6126 1148 -1
12604 4922 -1
12604 7048 -1
12159 9954 -1
1904 6112 -1
6768 4643 -1
6112 12355 -1
3269 3270 1
10725 10726 1
11195 11197 1
11200 11197 1
8978 8974 1
8978 8975 1
8976 8977 1
7773 7775 1
7774 7771 1
10180 10182 1
10180 10181 1
10180 10179 1
10181 10179 1
10127 10128 1
7044 7045 1
9610 9609 1
9610 9611 1
12866 12859 1
12865 12851 1
12857 12855 1
12859 12863 1
9124 9125 1
12158 12157 1
6257 6256 1
9037 9036 1
9035 9036 1
9656 9657 1
6124 6122 1
6124 6123 1
6122 6123 1
10421 10418 1
10421 10419 1
10419 10420 1
4433 4432 1
4430 4429 1
4430 4432 1
6690 6688 1
6683 6680 1
6576 6575 1
7078 7077 1
11711 11710 1
1757 1759 1
1757 1760 1
1758 1761 1
1759 1761 1
9292 9290 1
9292 9291 1
988 989 1
989 990 1
10278 10272 1
10277 10280 1
10512 10511 1
10513 10511 1
12145 12144 1
4758 4761 1
4758 4759 1
4758 4760 1
4761 4759 1
4761 4760 1
6429 6430 1
1280 1281 1
6915 6916 1
12100 12101 1
7237 7238 1
7236 7235 1
7236 7238 1
12547 12546 1
5539 5543 1
5539 5538 1
9191 9193 1
9191 9192 1
1042 1041 1
1041 1040 1
1043 1040 1
1044 1040 1
5735 5736 1
7374 7375 1
11006 11005 1
11005 11007 1
5914 5915 1
10895 10893 1
10895 10894 1
10893 10894 1
1600 1597 1
1598 1597 1
1598 1599 1
1597 1599 1
9234 9233 1
834 835 1
837 835 1
835 833 1
833 836 1
5719 5718 1
5719 5720 1
5721 5718 1
10864 10863 1
11274 11271 1
11273 11272 1
11270 11271 1
3716 3715 1
11909 11908 1
11909 11907 1
12459 12458 1
12458 12460 1
9601 9602 1
1138 1140 1
1139 1140 1
3572 3573 1
1822 1821 1
1817 1820 1
1820 1821 1
1819 1821 1
5774 5773 1
138 139 1
10966 10965 1
7609 7610 1
7609 7606 1
7607 7606 1
7605 7606 1
11570 11571 1
7780 7781 1
7781 7779 1
6189 6190 1
6105 6106 1
6107 6103 1
1476 1464 1
10550 10549 1
12813 12812 1
4827 4826 1
9851 9852 1
9852 9850 1
2857 2855 1
2860 2859 1
2856 2859 1
10210 10211 1
7184 7183 1
9336 9335 1
8435 8436 1
140 147 1
148 144 1
147 141 1
144 143 1
141 143 1
5839 5838 1
10052 10054 1
10045 10042 1
12784 12785 1
11105 11114 1
11106 11110 1
11112 11115 1
4211 4212 1
1070 1071 1
4528 4534 1
4521 4525 1
12719 12718 1
12718 12717 1
4857 4858 1
9264 9266 1
6858 6835 1
6881 6861 1
6857 6855 1
1763 1764 1
8228 8229 1
1065 1064 1
1065 1063 1
4362 4363 1
4363 4361 1
4695 4694 1
12118 12120 1
1775 1773 1
13037 13040 1
13036 13034 1
13036 13035 1
13034 13035 1
13039 13035 1
7912 7911 1
284 285 1
285 283 1
8221 8222 1
6388 6390 1
6389 6390 1
3719 3718 1
3720 3718 1
202 203 1
203 204 1
6646 6647 1
6647 6648 1
6221 6220 1
3913 3914 1
8832 8830 1
7331 7332 1
3767 3765 1
9623 9622 1
11641 11642 1
12712 12713 1
12713 12714 1
8255 8257 1
8257 8256 1
6994 6993 1
4689 4690 1
10239 10235 1
10239 10237 1
10238 10237 1
1458 1459 1
1457 1459 1
11383 11379 1
11391 11393 1
11388 11379 1
3093 3094 1
3095 3094 1
10383 10384 1
10383 10382 1
10384 10382 1
10385 10382 1
7558 7559 1
10216 10217 1
7506 7504 1
7504 7508 1
1440 1441 1
1440 1442 1
1441 1442 1
1441 1439 1
12471 12470 1
6896 6897 1
6896 6898 1
2307 2306 1
12948 12947 1
12808 12807 1
3759 3760 1
280 282 1
280 281 1
282 281 1
3949 3948 1
9653 9650 1
11220 11218 1
11219 11221 1
11218 11221 1
12681 12683 1
6650 6649 1
8864 8865 1
9377 9379 1
4965 4966 1
4967 4968 1
4966 4968 1
7788 7789 1
9511 9512 1
12576 12577 1
12581 12580 1
2038 2036 1
10752 10753 1
5781 5780 1
2395 2394 1
2395 2400 1
2401 2399 1
8318 8322 1
8313 8312 1
8304 8322 1
8324 8323 1
8300 8322 1
8194 8195 1
8194 8192 1
8195 8192 1
3925 3923 1
3924 3923 1
5762 5763 1
5524 5525 1
10165 10167 1
10165 10166 1
10165 10169 1
10170 10169 1
10960 10961 1
4706 4707 1
9830 9831 1
9830 9832 1
9831 9832 1
9831 9833 1
9832 9833 1
2320 2319 1
2319 2318 1
12728 12731 1
12728 12729 1
12096 12095 1
9636 9635 1
9633 9637 1
11624 11625 1
2674 2672 1
2673 2672 1
6139 6140 1
6139 6141 1
6140 6141 1
7723 7720 1
7722 7716 1
7722 7721 1
7716 7718 1
4381 4380 1
1753 1755 1
1753 1754 1
1756 1755 1
5860 5859 1
8342 8345 1
7141 122 -1
7141 6190 -1
7141 13063 -1
7141 358 -1
7141 9544 -1
10331 2447 -1
3270 5744 -1
10725 12423 -1
8977 4206 -1
7771 175 -1
4771 12728 -1
10182 7696 -1
10181 7550 -1
12251 9547 -1
181 12089 -1
10127 9352 -1
2516 133 -1
2516 3719 -1
10037 1690 -1
10037 9511 -1
9609 12381 -1
12877 1440 -1
11622 7838 -1
11622 9961 -1
499 7510 -1
499 7283 -1
499 2687 -1
499 4913 -1
10702 11961 -1
10702 13233 -1
12157 10217 -1
11924 5721 -1
4183 1767 -1
4183 6897 -1
6258 942 -1
2377 1845 -1
1161 8791 -1
1161 9833 -1
9037 10317 -1
9036 313 -1
9657 6238 -1
4686 8018 -1
6719 13053 -1
6134 1522 -1
6134 9672 -1
1594 7078 -1
1594 11904 -1
12434 8326 -1
7901 11402 -1
6124 12482 -1
6124 3759 -1
11156 10007 -1
4432 10211 -1
4431 12089 -1
11429 10864 -1
11428 7448 -1
13123 1532 -1
3214 12644 -1
6689 5915 -1
7097 6190 -1
6576 9598 -1
6575 10832 -1
3451 7112 -1
3451 4710 -1
3451 12808 -1
860 10386 -1
860 12733 -1
841 1936 -1
841 6221 -1
7077 8221 -1
6086 5567 -1
10628 10797 -1
10628 11402 -1
7797 11287 -1
7794 3201 -1
7794 8193 -1
2332 4669 -1
3650 334 -1
1761 6357 -1
1761 10897 -1
9292 11936 -1
988 7307 -1
10513 4824 -1
9316 10343 -1
9316 11585 -1
12145 12203 -1
12145 1113 -1
1522 5763 -1
4759 7946 -1
4759 7689 -1
560 489 -1
10390 12801 -1
10390 1996 -1
10390 4860 -1
3747 1600 -1
6916 7621 -1
6916 6940 -1
8018 739 -1
8018 10661 -1
8018 2674 -1
12101 10780 -1
12101 2742 -1
11898 2357 -1
7238 1996 -1
7238 9281 -1
7161 6572 -1
7161 9623 -1
6831 8649 -1
7874 4710 -1
8649 9941 -1
8807 4212 -1
8807 3391 -1
3402 7448 -1
3402 6964 -1
3763 7047 -1
3763 7886 -1
3763 11186 -1
7764 13134 -1
7764 11115 -1
4823 1593 -1
3156 9970 -1
838 2908 -1
942 10893 -1
3201 11961 -1
4364 10672 -1
1044 1532 -1
3470 8439 -1
1391 13134 -1
1391 906 -1
5917 9653 -1
7510 3167 -1
6764 5903 -1
7374 1064 -1
7375 11105 -1
7325 6423 -1
7325 10558 -1
7325 10804 -1
5744 8440 -1
6357 2036 -1
722 5768 -1
722 10924 -1
11006 6425 -1
11005 10780 -1
5914 2777 -1
489 1723 -1
391 3167 -1
391 6389 -1
5721 12801 -1
10343 6767 -1
10343 235 -1
10863 9970 -1
3063 10797 -1
2777 10882 -1
2015 7871 -1
7448 7184 -1
3716 12808 -1
2427 4849 -1
12460 9281 -1
6238 5768 -1
9030 10737 -1
9352 7946 -1
12395 11937 -1
6566 5768 -1
6566 3318 -1
6094 1996 -1
3572 10307 -1
11540 1802 -1
10897 7765 -1
4864 7404 -1
4864 11904 -1
139 12249 -1
9655 143 -1
7539 7763 -1
7539 9846 -1
7539 7825 -1
1679 7195 -1
1679 10167 -1
10797 11936 -1
7283 9845 -1
7276 4206 -1
1471 9846 -1
1488 13233 -1
2647 9961 -1
8227 3567 -1
8227 6191 -1
13106 5525 -1
4827 2983 -1
1324 8017 -1
1324 8589 -1
6098 9070 -1
6098 9347 -1
2856 9336 -1
12246 6859 -1
12246 10165 -1
9658 1749 -1
11937 10178 -1
10780 4941 -1
10780 5706 -1
8435 313 -1
8436 332 -1
8436 10723 -1
12367 7383 -1
12482 9547 -1
11961 4970 -1
11961 106 -1
7047 7550 -1
593 12578 -1
3903 10728 -1
13053 9842 -1
332 8255 -1
10042 12784 -1
5567 7558 -1
8017 11641 -1
8017 8256 -1
8017 13233 -1
8017 12942 -1
3633 3923 -1
3633 4604 -1
10077 10217 -1
9264 10723 -1
4905 4965 -1
12423 4172 -1
7765 4416 -1
3211 9544 -1
6851 10723 -1
12089 12120 -1
5808 11904 -1
5808 12249 -1
10317 5706 -1
9625 9652 -1
7195 13233 -1
4206 8708 -1
9842 5768 -1
9842 7799 -1
9842 12644 -1
1064 9330 -1
8895 7871 -1
1752 8791 -1
1752 5525 -1
12119 11269 -1
1773 10723 -1
7912 313 -1
7911 6583 -1
7911 9941 -1
284 5859 -1
8221 6650 -1
6559 10804 -1
1013 6221 -1
1013 11269 -1
6388 12947 -1
2410 2906 -1
9970 8708 -1
1532 7550 -1
1532 11186 -1
7550 9512 -1
10307 334 -1
10307 4604 -1
2411 3765 -1
2828 3759 -1
10917 150 -1
10917 5572 -1
3914 1825 -1
1802 12644 -1
8831 9652 -1
7332 12807 -1
8284 4984 -1
12733 11402 -1
6425 11439 -1
6425 4707 -1
4669 4824 -1
9622 3021 -1
7825 9377 -1
1389 10672 -1
6994 4172 -1
6994 1127 -1
10326 7249 -1
11064 9512 -1
10238 2837 -1
7249 5778 -1
1459 12152 -1
8258 4640 -1
2687 9651 -1
79 7689 -1
7558 12576 -1
334 9354 -1
2307 12824 -1
565 12023 -1
565 3564 -1
10153 10007 -1
12485 12023 -1
9070 5524 -1
8567 282 -1
3948 1837 -1
4172 754 -1
9379 4860 -1
3983 2906 -1
4966 9672 -1
7789 10178 -1
6191 2395 -1
10924 6623 -1
6295 6294 1
11251 11252 1
11251 11254 1
11254 11250 1
9067 9068 1
10873 10871 1
10873 10872 1
10320 10319 1
9287 9288 1
10368 10369 1
11721 11720 1
1 2 1
247 245 1
384 383 1
382 383 1
487 486 1
10156 10157 1
8524 8503 1
12565 12564 1
12566 12562 1
12567 12564 1
12562 12564 1
4666 4667 1
11887 11889 1
11887 11891 1
11888 11890 1
11889 11890 1
11891 11890 1
10697 10698 1
10698 10695 1
10696 10695 1
11414 11412 1
11414 11415 1
11414 11413 1
11412 11416 1
11416 11413 1
9443 9432 1
9435 9446 1
9435 9451 1
9446 9451 1
9445 9447 1
9451 9438 1
9448 9433 1
316 315 1
316 320 1
102 103 1
8744 8742 1
8742 8745 1
8745 8740 1
12170 12171 1
4466 4465 1
13211 13212 1
7274 7275 1
7530 7532 1
7530 7531 1
7532 7531 1
3846 3852 1
3846 3851 1
3853 3849 1
3853 3848 1
3852 3849 1
740 741 1
1810 1811 1
6150 6151 1
6150 6152 1
4847 4848 1
10690 10691 1
3807 3806 1
7683 7682 1
10405 10403 1
440 441 1
1333 1334 1
11169 11168 1
2915 2918 1
2915 2913 1
2915 2912 1
2917 2913 1
2918 2913 1
10137 10138 1
10139 10140 1
1420 1421 1
10251 10252 1
8777 8778 1
7191 7192 1
11988 11986 1
11455 11454 1
11455 11456 1
11454 11456 1
588 589 1
586 587 1
8109 8108 1
3258 3257 1
196 195 1
1144 1143 1
8700 8701 1
4146 4147 1
4147 4139 1
4149 4139 1
4134 4141 1
12029 12030 1
12028 12027 1
5426 5150 1
5360 5403 1
5095 5272 1
5095 5423 1
5269 5071 1
9081 9079 1
9079 9080 1
9079 9078 1
240 241 1
1154 1155 1
1155 1157 1
1155 1156 1
1157 1156 1
5740 5738 1
5738 5739 1
11578 11577 1
8085 8078 1
8085 8083 1
8078 8083 1
3899 3900 1
3899 3898 1
7187 7188 1
7187 7186 1
6933 6934 1
814 815 1
4930 4926 1
4928 4926 1
747 745 1
747 746 1
745 746 1
11061 11060 1
7910 7908 1
9600 9599 1
9618 9617 1
10641 10640 1
10940 10941 1
10934 10935 1
10941 10938 1
10941 10937 1
11693 11692 1
11687 11689 1
11694 11689 1
1990 1991 1
10699 10700 1
8177 8178 1
6462 6461 1
6462 6459 1
6461 6459 1
10426 10430 1
10430 10429 1
10430 10423 1
8174 8173 1
3525 3516 1
3497 3523 1
3533 3531 1
6157 6160 1
6166 6167 1
12126 12127 1
12126 12125 1
3811 3810 1
7953 7957 1
7957 7956 1
7955 7954 1
7955 7952 1
10032 10033 1
9498 9499 1
9501 9500 1
9501 9503 1
6909 6908 1
1692 1693 1
1692 1694 1
885 884 1
886 884 1
6535 6534 1
2390 2389 1
8040 8039 1
8040 8043 1
8039 8043 1
8042 8041 1
1963 1961 1
1962 1961 1
11620 11619 1
12725 12720 1
12725 12724 1
12720 12724 1
12720 12721 1
12723 12721 1
11030 11029 1
9932 9933 1
359 360 1
3146 3145 1
9134 9136 1
1682 1684 1
1682 1683 1
1684 1683 1
1051 1050 1
1051 1049 1
902 901 1
902 903 1
900 901 1
901 903 1
901 904 1
9919 9921 1
9919 9917 1
9920 9918 1
9920 9917 1
9923 9917 1
826 825 1
4625 4624 1
7960 7963 1
7962 7961 1
7962 7964 1
9862 9860 1
9859 9863 1
2461 2462 1
8056 8061 1
8054 8050 1
8058 8052 1
8052 8064 1
1454 1455 1
1451 1450 1
8845 8847 1
8850 8855 1
8850 8854 1
8850 8844 1
8854 8844 1
12401 12402 1
11311 11310 1
11479 11478 1
1867 1864 1
12591 12590 1
6533 6532 1
11919 11918 1
7120 7121 1
1246 1247 1
1246 1245 1
1246 1244 1
1247 1243 1
1245 1243 1
1663 1664 1
1798 1799 1
1799 1797 1
3630 3631 1
7153 7152 1
10984 10983 1
2982 2975 1
2982 2978 1
9641 9642 1
6280 6282 1
6277 6274 1
118 117 1
1136 1137 1
7059 7057 1
7051 7054 1
7064 7053 1
7053 7052 1
12416 12418 1
6664 6665 1
8340 8339 1
12488 12490 1
1523 1524 1
5654 5653 1
11947 11941 1
11947 11946 1
11948 11942 1
11241 11242 1
10141 10143 1
11293 11294 1
11292 11294 1
6929 6930 1
1587 1588 1
7841 7840 1
7841 7842 1
7840 7842 1
4577 4576 1
538 535 1
536 535 1
535 537 1
11978 11977 1
12830 12829 1
10040 10039 1
2309 2310 1
11445 11444 1
13207 13208 1
3563 3562 1
5862 5863 1
5861 5863 1
7916 7915 1
7917 7915 1
12570 12569 1
3109 3107 1
3104 3106 1
3108 3105 1
3108 3107 1
1509 1508 1
7393 7392 1
12704 12705 1
10787 10783 1
10781 10785 1
5660 1691 -1
5660 10805 -1
5660 9062 -1
7117 501 -1
7117 7009 -1
7117 7181 -1
2615 6777 -1
11648 9009 -1
6912 6278 -1
10676 7513 -1
10676 7216 -1
7513 7188 -1
7513 10033 -1
9067 12228 -1
9068 12704 -1
2758 11993 -1
2758 11364 -1
10872 839 -1
10872 7683 -1
7099 7760 -1
7099 7120 -1
7099 4898 -1
7554 3758 -1
7554 9515 -1
3664 2483 -1
3664 3272 -1
3664 572 -1
8219 1697 -1
7252 1491 -1
2331 12171 -1
2331 13208 -1
11721 3477 -1
879 1029 -1
879 1154 -1
4906 7953 -1
4906 9005 -1
4906 7059 -1
9971 976 -1
9971 4670 -1
6232 8460 -1
1025 5862 -1
384 1542 -1
487 12353 -1
10157 3629 -1
3016 13163 -1
3016 12943 -1
3016 3769 -1
3016 11578 -1
3016 10338 -1
10526 13212 -1
10526 13205 -1
10526 11293 -1
6396 3853 -1
6396 6012 -1
5559 12569 -1
8510 5905 -1
4667 10805 -1
1612 501 -1
10696 11619 -1
11483 5796 -1
1056 4912 -1
13183 884 -1
1585 10014 -1
1585 3397 -1
1697 3403 -1
2909 3397 -1
11882 6541 -1
11882 7066 -1
7919 11988 -1
11415 821 -1
8376 11405 -1
10907 5520 -1
13163 2335 -1
13163 4554 -1
13163 327 -1
8741 4187 -1
1834 7186 -1
11560 12463 -1
11560 5661 -1
7216 10785 -1
5531 1640 -1
4774 1810 -1
12171 2925 -1
600 8770 -1
13211 2402 -1
13212 7074 -1
7921 11646 -1
7921 10139 -1
7530 501 -1
7530 6249 -1
2486 7540 -1
741 11444 -1
11646 12086 -1
6151 8253 -1
4848 6534 -1
2991 6087 -1
2965 10401 -1
951 11309 -1
11971 1684 -1
11971 5775 -1
11971 1542 -1
10690 1049 -1
10691 572 -1
3103 8593 -1
3103 4822 -1
8038 8174 -1
1540 3568 -1
3663 6249 -1
3663 10724 -1
12480 1089 -1
2609 5738 -1
1495 3252 -1
1495 8231 -1
7682 2775 -1
10404 4187 -1
5905 10252 -1
8253 2390 -1
440 4714 -1
440 8593 -1
441 13208 -1
1333 10281 -1
8890 8710 -1
8890 1159 -1
11168 11628 -1
11143 8411 -1
2915 8261 -1
2915 2695 -1
7329 10640 -1
10137 1246 -1
177 11120 -1
177 5776 -1
8710 11527 -1
960 8846 -1
10973 5654 -1
916 137 -1
8778 8108 -1
2925 5673 -1
970 884 -1
12943 11091 -1
11986 2848 -1
12086 11926 -1
10249 6280 -1
2483 12015 -1
9220 5796 -1
1691 3947 -1
11309 11619 -1
11309 3137 -1
6178 2461 -1
1029 11966 -1
13057 6236 -1
13057 12769 -1
3215 8073 -1
7862 8848 -1
7862 3137 -1
7862 3218 -1
1089 10281 -1
5723 6534 -1
196 12402 -1
4144 1589 -1
9078 12338 -1
9017 6933 -1
10955 11519 -1
10955 11265 -1
1155 3397 -1
1157 11097 -1
1157 9064 -1
11091 11341 -1
6991 2642 -1
5740 2724 -1
8081 12383 -1
6236 5725 -1
6236 8770 -1
6236 10373 -1
2626 8952 -1
6644 9136 -1
1106 7957 -1
3272 4574 -1
1491 772 -1
10825 8770 -1
3397 7406 -1
630 8711 -1
11519 7084 -1
572 9005 -1
572 3475 -1
8731 5695 -1
8960 8062 -1
7095 7349 -1
11341 10032 -1
9466 4187 -1
746 10040 -1
1314 4606 -1
11061 7075 -1
8411 4665 -1
4618 1900 -1
137 353 -1
9600 6165 -1
9600 4577 -1
8003 6908 -1
9618 2402 -1
12098 3811 -1
12098 7190 -1
12073 2402 -1
12073 3450 -1
12073 6930 -1
12073 8264 -1
1991 7929 -1
1991 1243 -1
10699 1104 -1
3922 5819 -1
3252 4331 -1
6460 6661 -1
11966 10638 -1
3263 2402 -1
10427 9022 -1
7929 8009 -1
8173 11719 -1
6162 8711 -1
4517 3641 -1
12127 9249 -1
1596 738 -1
1596 12228 -1
9247 3403 -1
9247 4898 -1
4708 2340 -1
7534 5814 -1
7534 7341 -1
1693 721 -1
1961 7916 -1
959 2695 -1
3403 5599 -1
3403 6087 -1
10977 5776 -1
11265 13166 -1
164 1137 -1
11620 8460 -1
11619 2309 -1
1104 3985 -1
1104 2695 -1
5920 3450 -1
3641 11626 -1
11030 9504 -1
12648 2525 -1
353 10281 -1
353 6930 -1
8972 2402 -1
7310 738 -1
7310 9005 -1
7310 12417 -1
10388 10826 -1
1050 12590 -1
903 9923 -1
903 12416 -1
903 7075 -1
4705 9005 -1
4705 11292 -1
5796 4953 -1
5796 4574 -1
9062 6230 -1
10827 10787 -1
6903 12416 -1
2477 12338 -1
8063 7154 -1
2018 8340 -1
2018 5670 -1
12575 2308 -1
11479 12569 -1
1863 7240 -1
7557 4576 -1
7557 6378 -1
11918 11445 -1
6821 7342 -1
10612 1024 -1
5725 8952 -1
7009 2340 -1
1725 11999 -1
1725 10143 -1
2402 4670 -1
8714 6397 -1
3629 9624 -1
6230 10008 -1
10983 12149 -1
8646 8739 -1
4374 11941 -1
1136 3137 -1
2489 6714 -1
10041 882 -1
1843 3475 -1
882 2333 -1
3947 9834 -1
3289 6087 -1
2724 11719 -1
9834 2340 -1
4606 2903 -1
7342 7905 -1
10008 11364 -1
1588 9504 -1
13181 3218 -1
6563 6087 -1
8235 5775 -1
536 9249 -1
